3808,311,1,1984
1756,309,1,1991
253,524,1,1973
253,423,1,1973
881,477,1,1990
519,535,1,1972
1756,321,1,1993
1056,1508,1,1987
253,477,1,1973
391,1234,1,1982
4491,480,1,1985
1713,336,1,1993
2829,195,1,1995
1428,407,1,1988
3819,329,1,1981
2055,185,1,1984
4815,599,1,1980
345,507,1,1987
2908,199,1,1987
2777,1045,1,1990
3739,261,1,1992
4661,222,1,1993
993,216,1,1981
1957,99,1,1989
2599,460,1,1985
159,204,1,1986
2128,1601,1,1988
720,367,1,1989
1225,312,1,1965
1934,209,1,1989
4353,463,1,1978
1694,331,1,1984
831,288,1,1989
3316,1249,1,1983
3019,173,1,1961
2128,415,1,1988
1807,382,1,1957
2127,232,1,1982
3188,1033,1,1984
2372,226,1,1969
1568,183,1,1988
1681,978,1,1954
699,534,1,1993
1991,794,1,1980
2280,224,1,1988
4464,112,1,1972
2045,664,1,1970
58,654,2,1981
1122,70,1,1961
2871,471,1,1981
2452,228,2,1987
3638,236,1,1991
1071,327,1,1990
2070,252,2,1992
2468,288,1,1988
3808,249,1,1988
2770,212,1,1987
1798,490,1,1986
29,679,1,1988
2372,1863,1,1969
440,188,1,1980
2280,119,1,1988
1037,325,2,1990
1056,630,1,1987
1489,255,1,1981
603,1031,2,1988
58,291,1,1970
2045,292,2,1981
2180,7568,1,1966
1268,95,1,1958
47,297,1,1966
2994,417,1,1992
2842,507,2,1986
744,840,1,1974
3684,445,1,1984
4464,972,1,1985
2915,267,1,1966
1648,667,1,1993
4201,218,1,1990
2452,428,2,1987
1844,552,1,1985
1610,153,1,1988
1552,288,1,1966
1489,225,1,1981
1858,1211,2,1989
2791,889,1,1991
3090,656,1,1986
3372,530,1,1990
641,376,1,1983
1920,552,1,1988
107,563,2,1987
2314,171,2,1991
1505,259,1,1996
2287,364,1,1995
367,451,2,1990
1610,144,1,1988
1798,428,1,1986
4482,804,2,1978
1969,402,1,1989
3117,230,1,1992
2994,425,1,1992
2493,803,1,1983
159,566,1,1990
4114,924,1,1959
1752,531,1,1993
1938,954,1,1978
4482,444,2,1978
884,1008,2,1977
1268,2280,1,1958
2468,345,1,1983
4482,176,1,1989
977,445,1,1990
3155,222,1,1989
2107,520,2,1970
91,109,1,1992
1027,258,1,1985
1877,544,1,1969
2423,534,1,1969
519,539,1,1972
1398,292,1,1964
2322,1095,2,1981
2663,184,1,1983
3808,235,1,1986
2458,164,1,1987
622,252,1,1976
329,1447,2,1975
3037,507,1,1987
1798,272,1,1986
1504,536,1,1957
2848,280,1,1995
2393,272,1,1962
2485,252,1,1989
280,425,1,1994
193,580,1,1987
91,190,1,1992
4689,592,1,1981
2770,230,1,1987
2266,459,1,1987
2549,192,2,1961
628,614,1,1965
4205,183,1,1986
2263,503,1,1963
2528,299,2,1991
1088,653,1,1983
455,828,2,1983
3360,167,1,1970
3387,1068,1,1984
1168,368,1,1964
287,223,1,1986
4778,547,2,1988
220,252,1,1985
1893,1012,1,1982
267,2650,1,1992
90,335,2,1992
2848,301,1,1995
4815,778,2,1974
2036,489,2,1977
371,181,1,1989
1436,202,2,1989
3788,430,2,1991
1182,628,1,1991
1752,455,1,1993
1423,360,1,1990
1646,375,1,1978
861,967,1,1986
2990,631,1,1988
2266,253,1,1987
223,227,1,1983
455,403,2,1991
1128,235,1,1967
2370,251,1,1978
2560,1347,1,1992
552,730,1,1981
861,664,1,1986
3019,523,1,1991
2090,722,1,1989
2107,318,2,1961
939,123,2,1979
2130,407,1,1988
1752,475,1,1971
199,184,1,1992
2294,199,1,1992
2847,444,2,1990
367,656,1,1980
3411,408,1,1977
2652,1169,1,1980
1646,420,1,1978
1954,1052,1,1992
861,1002,1,1986
4224,779,1,1984
2080,603,2,1993
2099,307,2,1982
694,702,1,1981
3188,1068,1,1984
3821,103,1,1990
2842,555,1,1966
2270,555,1,1992
768,626,1,1985
483,551,1,1992
624,347,1,1981
3905,673,1,1981
440,943,1,1966
455,181,2,1981
110,219,1,1991
861,542,1,1986
1520,1767,1,1964
38,292,2,1979
793,449,1,1977
1303,428,1,1981
4815,1043,1,1980
1220,283,2,1987
1339,392,1,1985
1027,581,2,1983
3905,224,1,1983
480,815,1,1983
2625,1392,1,1993
939,641,1,1983
891,401,1,1967
2698,257,1,1985
3179,142,1,1991
722,470,2,1992
583,833,1,1982
3155,248,1,1989
2438,990,1,1969
1055,933,1,1990
2041,777,1,1988
2772,187,1,1980
4430,590,1,1974
1020,254,1,1987
193,340,1,1987
768,579,1,1980
2791,368,1,1985
3663,244,1,1984
2183,897,1,1986
3335,278,2,1985
187,129,1,1970
3638,260,1,1991
2688,275,2,1992
423,366,1,1996
1195,292,1,1988
4728,422,1,1991
1239,349,1,1993
552,993,1,1982
1686,390,2,1986
4430,654,1,1974
2449,482,1,1974
1929,309,1,1991
2105,384,1,1994
117,108,1,1973
658,625,1,1987
445,540,1,1974
2552,320,1,1986
2189,330,1,1992
1019,170,1,1995
1674,131,2,1989
1486,345,2,1984
2035,907,1,1969
2777,934,1,1990
3684,438,1,1984
46,169,1,1975
1245,730,1,1986
1632,611,1,1980
939,258,1,1985
3741,281,1,1984
202,197,1,1980
2413,448,2,1990
1785,208,2,1990
1108,1686,1,1992
1686,439,1,1990
3387,1108,1,1985
4815,223,1,1987
120,605,1,1986
3188,314,1,1985
570,272,1,1989
3663,215,1,1984
3335,226,2,1985
1674,116,2,1989
2255,337,1,1987
4377,209,1,1977
2865,312,1,1989
310,344,2,1989
2013,335,1,1989
1707,428,1,1988
751,615,1,1988
3093,1269,1,1984
1576,108,1,1960
231,294,1,1991
2022,320,1,1974
1893,921,1,1982
1949,148,2,1974
3201,280,1,1996
2423,567,1,1975
1779,705,2,1991
4224,865,1,1984
697,740,1,1970
1246,181,1,1992
431,280,1,1989
1269,559,1,1958
775,764,1,1971
496,1206,1,1977
1518,163,1,1985
1938,351,1,1973
2099,368,1,1987
3029,465,1,1959
2663,130,1,1983
2648,707,1,1990
527,362,2,1984
1094,778,1,1969
3741,255,1,1984
29,166,1,1995
2423,946,1,1975
1392,401,1,1961
1884,150,2,1974
1281,826,1,1985
3,778,1,1985
2528,619,2,1991
385,602,1,1968
2668,759,1,1980
151,478,1,1974
622,470,1,1984
1922,868,1,1982
2828,901,2,1984
817,480,1,1989
823,512,2,1990
2076,249,1,1985
1032,346,1,1990
3808,289,1,1986
1308,1401,1,1985
2459,115,1,1989
2963,130,1,1986
3316,466,1,1980
1938,130,1,1983
252,131,1,1984
775,302,1,1973
2000,225,1,1988
2438,250,1,1969
2990,288,1,1988
583,274,1,1983
2154,304,1,1979
1960,1064,1,1989
1359,320,1,1996
2449,416,1,1974
1094,1089,1,1969
2660,350,1,1988
2284,364,1,1992
3526,1015,2,1987
2887,295,1,1984
2972,587,1,1989
2958,1058,1,1987
1818,917,2,1970
2036,149,2,1989
2474,1032,1,1972
1703,147,2,1982
1590,811,1,1964
3567,495,1,1989
603,1155,2,1988
209,378,1,1966
2969,564,2,1990
2423,491,1,1975
392,678,2,1987
187,671,1,1989
151,209,1,1974
1142,1759,1,1958
147,389,1,1966
4410,279,1,1991
1239,497,2,1988
2791,259,1,1985
484,1251,1,1982
2134,206,1,1973
2975,418,1,1969
225,254,1,1964
1392,288,1,1961
2036,164,2,1989
1884,571,1,1980
1053,808,1,1988
2528,1014,1,1981
1713,451,1,1974
2958,809,1,1987
3526,850,2,1987
3387,397,1,1985
1684,495,2,1988
865,939,2,1992
2270,542,1,1992
483,546,1,1992
1108,381,1,1990
527,721,1,1985
1486,270,2,1984
1299,431,1,1991
752,528,1,1988
2878,483,1,1991
234,198,1,1992
2723,326,1,1991
3155,239,1,1989
942,202,1,1983
2887,647,1,1980
2468,481,1,1980
1954,934,1,1992
1858,361,1,1988
4728,1082,1,1991
1122,944,1,1983
4659,1061,1,1989
3708,436,1,1988
2266,755,1,1990
1642,632,1,1984
1694,166,1,1978
371,206,1,1980
2246,247,1,1981
837,493,1,1981
101,1375,1,1990
234,276,1,1988
1610,664,1,1991
597,334,1,1983
955,310,2,1986
2474,216,1,1985
2232,370,1,1986
1546,666,1,1975
2423,428,2,1990
178,159,1,1986
2663,1145,2,1978
775,542,1,1981
1053,1248,1,1988
3140,882,2,1992
603,337,2,1987
4796,172,2,1992
59,363,1,1958
2000,785,1,1984
744,652,1,1974
2012,387,1,1994
4678,207,1,1987
1122,185,1,1983
838,380,1,1987
1674,412,1,1991
3278,476,1,1987
234,399,1,1987
1765,421,2,1987
3900,371,1,1990
360,365,1,1990
1611,180,1,1993
2635,508,1,1993
2282,366,1,1991
1693,288,1,1988
3629,309,2,1982
2128,790,1,1988
348,560,2,1978
494,557,1,1985
565,2221,2,1971
939,451,1,1990
2015,664,1,1993
751,688,1,1988
1655,572,1,1980
2246,417,2,1987
1717,405,1,1970
2011,134,1,1992
2113,802,2,1992
955,290,1,1989
2250,1410,1,1991
131,203,1,1986
2723,239,1,1991
1546,523,1,1975
2284,229,1,1988
784,576,1,1991
2480,389,1,1993
2560,819,1,1989
4020,317,1,1992
159,1132,1,1971
2785,423,1,1991
1278,542,1,1971
2433,741,1,1992
2113,208,1,1984
4280,142,1,1988
837,403,1,1981
1711,268,1,1984
424,1673,2,1988
772,1687,1,1988
806,293,2,1981
1436,213,2,1989
506,547,1,1983
631,1293,1,1964
3097,1574,1,1970
38,449,2,1979
2030,255,1,1990
1681,742,1,1941
641,589,1,1982
2115,574,1,1989
1707,817,1,1984
2994,918,1,1992
869,434,1,1988
1954,450,1,1992
3548,457,1,1992
494,1200,1,1985
1693,392,1,1988
4494,152,1,1990
4343,351,1,1966
4205,699,1,1990
3925,1178,1,1993
2614,728,2,1949
931,714,1,1968
2357,358,1,1977
1089,430,1,1980
2250,395,1,1973
494,276,1,1985
1279,698,1,1984
532,271,1,1970
1850,1173,2,1991
1756,303,1,1990
854,432,1,1986
519,883,1,1972
2041,981,1,1988
2407,1177,1,1956
1884,314,1,1980
580,821,1,1987
2961,230,1,1952
2025,1308,2,1988
955,291,1,1989
385,1100,2,1981
1088,750,1,1984
394,978,1,1986
603,304,2,1987
360,994,1,1990
3140,584,1,1986
2948,194,2,1993
2134,508,1,1986
2972,408,2,1987
1552,202,1,1984
926,415,1,1986
4678,596,1,1983
3596,628,1,1985
1245,777,1,1996
1679,609,2,1990
364,1585,1,1988
1369,548,1,1988
234,753,1,1987
838,782,1,1987
2582,294,1,1991
394,400,1,1986
1089,269,1,1989
1686,503,1,1983
1359,1839,1,1984
3900,470,1,1990
3633,358,1,1984
496,902,1,1977
4640,1342,1,1979
2423,664,2,1990
3596,711,1,1985
1406,397,1,1966
1140,168,1,1995
1955,756,1,1982
2724,623,1,1967
3708,523,1,1988
2871,178,1,1965
1433,664,1,1984
873,199,2,1981
1847,570,1,1974
3565,700,1,1989
2491,249,1,1982
926,301,1,1974
2688,699,2,1992
3638,656,1,1991
2030,605,1,1983
147,184,2,1989
2257,137,1,1965
244,495,2,1978
1806,279,1,1978
2776,554,1,1981
4085,541,1,1986
4377,185,1,1977
931,1337,1,1970
2961,504,1,1952
2085,744,1,1988
1869,578,1,1986
1129,483,1,1987
4177,1089,2,1983
1847,302,1,1974
488,915,2,1987
1955,676,1,1982
394,1248,1,1986
837,578,1,1988
2108,308,1,1992
974,485,1,1993
2093,547,1,1984
512,238,1,1988
987,555,1,1980
159,234,2,1983
1390,1297,1,1987
1281,556,1,1985
9,341,1,1979
3,583,1,1985
1754,330,1,1992
3029,621,1,1990
2041,613,1,1970
131,183,1,1986
205,409,1,1980
3387,307,1,1965
1570,392,2,1985
884,2323,1,1989
1281,192,1,1985
2776,281,1,1981
1245,429,2,1990
4640,1481,1,1979
823,443,1,1989
2858,437,1,1971
3385,172,2,1983
1955,696,1,1982
643,212,2,1991
1750,512,1,1989
3043,300,1,1984
2343,1219,1,1952
2798,258,1,1977
1128,627,2,1976
391,241,1,1969
1396,160,1,1978
2249,168,1,1984
4343,288,1,1966
1427,386,1,1987
2972,1361,1,1987
2789,197,1,1986
2294,619,1,1975
392,1505,2,1988
1264,1494,1,1988
226,902,1,1962
1806,656,1,1978
9,492,1,1995
1279,292,1,1969
4666,1174,1,1977
243,598,1,1992
606,214,1,1990
741,76,1,1986
1377,1047,2,1982
206,5428,2,1968
2791,925,1,1991
979,913,1,1993
544,288,1,1993
4566,343,1,1989
421,333,1,1980
4289,500,1,1963
1870,469,1,1989
1351,663,2,1978
4168,254,1,1989
319,1005,2,1983
2785,578,2,1985
726,601,1,1979
1862,463,1,1992
2851,374,1,1986
582,157,2,1952
1866,380,1,1972
2767,362,1,1989
1387,8067,1,1961
2548,1328,1,1986
1298,168,1,1978
2688,298,2,1991
4033,192,2,1964
552,1139,1,1982
4566,66,1,1986
1129,440,1,1987
4710,247,1,1981
1711,470,2,1984
772,97,1,1992
1019,585,1,1988
1844,1344,1,1973
1955,1265,1,1982
1496,658,2,1972
392,972,2,1988
1264,971,1,1988
2789,542,1,1989
1133,554,2,1991
1433,335,1,1987
4430,753,1,1959
3481,311,1,1984
1037,211,2,1987
3152,330,1,1987
531,331,1,1992
2022,872,1,1965
873,993,1,1984
3892,631,1,1970
865,1155,2,1992
822,364,1,1981
3311,528,1,1949
1792,982,1,1984
527,1134,1,1985
2270,309,2,1952
1844,478,1,1973
1071,263,1,1979
392,446,2,1988
765,662,1,1989
1002,915,1,1984
1726,827,1,1953
1369,982,1,1985
606,213,2,1978
4101,522,2,1968
1133,613,1,1990
774,591,1,1965
2213,931,1,1971
364,153,2,1991
583,329,2,1991
3900,395,1,1988
3032,427,1,1988
3925,423,1,1971
4659,518,1,1990
1240,191,1,1990
2260,195,1,1983
1102,874,1,1986
2291,698,1,1985
551,433,1,1985
4144,167,2,1989
3279,565,1,1977
1056,336,1,1986
2961,642,1,1952
2489,1560,1,1984
1417,357,1,1987
624,418,2,1982
151,198,1,1974
1460,378,1,1974
619,415,2,1962
2139,159,1,1991
764,352,1,1980
1240,378,1,1993
1240,62,1,1993
2485,256,1,1987
238,1188,2,1989
1629,717,1,1984
2926,777,2,1981
2360,1197,1,1990
1634,388,1,1977
837,556,1,1988
2785,583,1,1964
2433,257,1,1962
1306,580,1,1982
3739,604,1,1964
1866,463,1,1972
2139,145,1,1991
2008,1615,2,1990
1089,1162,1,1969
3564,561,1,1983
1354,1629,1,1988
367,285,1,1957
1844,1325,1,1973
841,226,1,1951
1128,507,2,1976
4101,635,1,1990
2986,117,1,1992
2706,364,2,1991
995,493,1,1988
2034,709,1,1982
869,1175,1,1992
600,175,1,1989
2660,247,1,1984
782,275,1,1992
2433,315,1,1975
4375,310,2,1985
421,318,1,1980
1433,252,1,1984
726,835,1,1979
4179,1183,2,1987
639,603,1,1949
442,425,1,1996
265,460,1,1993
1140,306,1,1994
1767,1082,1,1983
2635,1043,2,1968
2213,407,1,1989
3739,862,1,1964
2488,441,1,1978
1195,894,1,1992
238,1094,2,1989
1017,153,1,1973
109,580,1,1973
117,965,1,1972
546,150,1,1986
1844,959,1,1973
217,280,1,1989
727,652,1,1959
1138,483,1,1987
2931,290,1,1992
2970,903,2,1992
998,203,1,1990
1818,271,2,1970
2489,694,1,1984
2480,126,1,1985
2162,110,1,1976
4292,473,1,1949
2663,209,1,1989
3729,720,1,1966
2417,468,1,1979
1656,295,1,1986
641,450,1,1982
3014,93,1,1993
1048,469,1,1988
1240,295,1,1993
1071,333,1,1981
560,557,2,1990
1940,593,2,1990
873,189,1,1993
2805,602,1,1979
2214,586,2,1968
697,300,1,1988
1767,740,1,1987
156,718,1,1990
1538,731,1,1982
217,253,1,1989
3596,889,1,1993
3030,1528,1,1962
2614,577,2,1949
2834,562,1,1968
1844,1152,1,1973
2698,236,1,1969
1140,1184,1,1987
4375,299,2,1985
2041,302,1,1984
838,896,1,1972
1104,157,2,1991
873,193,1,1993
109,315,1,1968
851,212,2,1991
2126,360,2,1990
3937,312,1,1984
647,855,1,1990
4292,1017,1,1949
585,1294,1,1960
652,842,1,1992
2704,374,1,1990
2826,569,1,1966
1869,389,2,1948
1581,410,2,1988
1328,589,1,1988
1850,280,1,1989
1798,447,1,1984
365,484,1,1995
1920,569,1,1988
2270,635,1,1969
4630,587,2,1987
1138,124,1,1993
1818,768,2,1970
512,449,1,1988
3597,387,1,1986
1258,595,1,1984
1328,162,1,1988
1962,187,2,1962
2726,228,1,1980
1939,2403,1,1966
798,1143,1,1994
904,359,1,1982
2785,1589,1,1988
4666,1291,1,1982
3633,323,1,1985
1539,278,1,1961
1673,443,1,1989
2698,439,1,1989
2706,329,1,1972
974,659,1,1979
1032,406,1,1991
1503,270,1,1982
2140,188,1,1980
1133,1853,2,1977
322,250,1,1988
223,853,1,1965
2384,896,2,1958
1962,182,1,1969
694,1144,2,1962
3751,841,1,1979
2279,921,1,1968
1328,523,1,1988
2126,259,2,1992
448,242,1,1979
1496,638,2,1972
3030,928,1,1962
3776,537,1,1989
2878,518,1,1991
754,1522,2,1990
2667,391,1,1984
1969,772,1,1990
811,1337,1,1951
246,830,1,1983
997,300,1,1983
1328,315,1,1988
1019,351,1,1982
4183,526,1,1990
2747,167,1,1986
1829,532,2,1992
1806,659,1,1978
580,324,1,1981
1104,848,1,1979
217,1206,2,1991
2449,238,1,1974
1759,412,2,1992
2405,460,1,1990
3597,458,1,1986
1094,405,1,1969
453,956,1,1983
2341,241,2,1982
2300,644,1,1992
2834,874,1,1989
782,529,2,1986
83,489,1,1992
4524,597,1,1960
152,559,1,1988
2013,312,1,1989
1679,141,1,1993
2916,208,1,1982
865,1745,2,1987
2899,855,1,1971
1032,957,1,1972
2384,1099,2,1958
1779,830,2,1992
2789,141,1,1983
2102,920,1,1982
607,189,2,1978
322,750,1,1988
1547,1416,1,1989
1339,400,2,1992
2260,902,1,1987
1094,327,1,1969
2121,255,1,1969
600,158,1,1989
4630,980,1,1984
273,898,1,1987
2140,256,1,1988
1960,351,1,1989
440,588,1,1970
1951,214,2,1977
2232,387,1,1987
4812,860,1,1984
4224,478,2,1984
2162,1737,1,1976
2033,193,2,1986
694,1569,2,1962
2961,213,1,1987
3279,268,1,1970
3573,1207,2,1983
4168,346,1,1989
3629,477,1,1966
1812,1771,2,1991
307,653,1,1965
2002,545,1,1990
2035,721,1,1987
2761,407,1,1987
1240,1434,1,1993
85,887,1,1951
1656,1251,1,1991
955,570,1,1988
3821,113,1,1983
546,265,1,1979
2341,296,2,1982
2567,252,1,1976
3596,390,1,1993
2024,1275,1,1990
2250,678,1,1976
1415,468,2,1982
764,530,1,1985
1119,250,1,1983
152,760,1,1988
1813,946,1,1988
782,322,1,1989
2961,185,1,1987
2162,681,1,1976
2033,195,2,1986
1090,626,1,1987
622,788,1,1992
4494,250,1,1990
974,495,1,1993
4530,499,2,1991
1850,455,1,1987
3810,879,2,1986
905,301,1,1990
2139,689,1,1989
2789,1080,1,1960
2218,489,1,1983
156,166,1,1990
4275,285,1,1991
3160,470,1,1988
2202,611,1,1984
3054,919,2,1975
211,165,1,1987
2484,1165,1,1968
1203,617,1,1992
3,1055,1,1984
654,1147,2,1989
2916,249,1,1978
2279,524,1,1968
2282,111,1,1988
1455,348,1,1987
889,820,1,1954
3591,412,1,1979
2086,1910,1,1958
2130,714,1,1990
2552,470,1,1986
1656,1544,1,1991
1799,854,2,1952
1990,902,2,1979
2096,174,1,1976
1061,308,1,1988
866,351,1,1990
2688,619,2,1992
32,720,1,1981
448,312,1,1990
1962,300,1,1960
2810,182,1,1993
2902,437,2,1991
1807,204,1,1980
481,936,1,1992
2086,843,1,1958
2552,320,1,1986
1992,537,1,1996
2134,666,2,1988
1990,630,2,1978
410,677,1,1984
1656,447,1,1991
133,1308,1,1995
2369,1055,1,1990
3387,657,1,1985
2916,226,1,1978
1811,209,1,1969
49,173,1,1990
2096,178,1,1971
1003,893,1,1987
2588,194,1,1983
2874,765,1,1969
38,351,1,1981
2350,523,1,1980
2214,410,2,1968
3735,1007,1,1968
2678,760,2,1972
999,486,1,1984
2668,701,2,1982
1091,151,2,1991
2453,303,1,1988
1113,244,1,1988
481,916,1,1992
2180,2162,1,1977
3819,216,1,1989
3100,2193,2,1986
1233,563,2,1978
2357,221,1,1987
1935,553,1,1981
3032,619,2,1984
1532,585,1,1986
94,1172,1,1985
1088,1176,2,1985
159,102,1,1961
2878,637,1,1989
1048,628,1,1991
117,244,1,1983
29,151,1,1995
118,135,1,1975
1984,861,1,1976
3596,318,1,1993
1440,173,2,1986
452,381,1,1988
2357,229,1,1987
481,438,1,1992
4349,1183,1,1958
876,777,1,1985
1686,263,1,1983
2588,330,1,1983
708,765,1,1993
1188,710,1,1968
3165,240,2,1992
1593,81,1,1959
724,1356,1,1995
1945,288,1,1981
425,297,2,1989
2789,1325,1,1960
2634,196,1,1983
2400,1512,2,1973
1032,772,1,1972
1681,1056,1,1941
1002,937,1,1986
1811,403,1,1969
1590,558,2,1972
514,1289,2,1964
2746,420,2,1983
1563,618,1,1989
2350,1340,1,1980
87,437,1,1990
2931,205,2,1989
156,203,1,1990
4494,910,1,1989
38,1449,1,1981
1222,417,1,1987
4640,1715,1,1979
827,803,1,1989
2395,447,1,1990
1812,807,2,1987
1737,189,1,1987
4532,554,1,1982
83,204,1,1984
1814,811,1,1975
1399,398,1,1987
2306,389,2,1985
2552,1207,1,1986
1987,1659,2,1978
2834,626,1,1986
1984,1116,1,1976
831,317,1,1991
1299,338,1,1985
4349,308,1,1958
1182,236,1,1981
1002,585,1,1993
1866,517,1,1988
2971,369,2,1984
2096,448,1,1971
1037,714,2,1975
243,1611,1,1901
3150,618,1,1985
2793,884,1,1989
4527,446,1,1970
183,212,1,1990
2567,238,1,1976
196,469,1,1970
1003,442,2,1977
1091,669,1,1993
3029,594,1,1990
764,420,1,1975
2994,169,1,1966
1233,191,1,1960
209,809,2,1985
368,469,1,1940
2678,755,2,1972
442,348,2,1975
1423,444,2,1978
4494,774,1,1968
2967,241,1,1991
2140,366,1,1948
1547,485,1,1983
1814,553,1,1975
2480,251,1,1985
1992,398,1,1996
4033,1014,2,1969
2008,568,1,1987
4640,786,1,1979
1935,452,1,1981
1182,179,2,1964
1880,580,1,1990
2438,356,1,1987
1187,244,1,1984
897,1310,2,1989
171,532,1,1982
29,160,1,1995
410,204,2,1990
4271,936,1,1984
442,370,1,1967
431,541,1,1972
3166,758,2,1993
997,396,1,1985
339,850,1,1980
201,379,2,1989
939,288,1,1992
3481,407,1,1962
1323,328,1,1990
4201,420,1,1962
2232,223,1,1984
1351,591,1,1953
676,438,2,1991
1994,380,1,1986
2273,239,1,1984
314,190,1,1991
2787,355,1,1965
2384,912,2,1958
4671,711,1,1987
3719,665,1,1991
1413,303,2,1988
4373,401,2,1957
2982,783,2,1981
2002,555,2,1987
733,687,2,1983
70,771,2,1980
274,471,1,1982
2134,298,1,1978
1460,272,1,1957
4349,484,1,1958
542,1220,1,1989
851,167,2,1991
223,746,1,1989
4723,264,1,1992
4101,628,1,1968
442,193,1,1967
4815,510,2,1988
1455,447,2,1982
236,971,1,1991
1975,196,1,1989
1581,2309,1,1986
97,75,1,1968
3789,648,1,1983
1020,1192,2,1988
4640,476,1,1979
982,393,1,1982
4343,920,2,1991
719,110,1,1961
930,161,1,1990
1732,896,2,1978
2708,371,2,1985
873,886,1,1972
2619,591,1,1975
3152,223,1,1984
2498,331,2,1990
2384,750,2,1958
2423,247,2,1965
2597,401,1,1992
1373,1345,1,1977
1979,1575,2,1983
764,329,1,1977
1812,1378,2,1986
997,340,1,1988
424,916,1,1986
3806,1174,2,1962
1381,113,1,1972
3436,688,1,1987
1857,315,1,1982
1969,1441,1,1990
360,619,1,1965
1582,781,2,1980
1258,258,1,1976
1601,726,1,1986
611,172,1,1991
4177,762,2,1983
3150,1297,2,1968
2272,314,2,1964
1104,796,1,1979
326,714,1,1991
294,323,1,1949
1048,783,1,1984
199,209,1,1992
506,661,1,1986
156,623,1,1992
1195,566,1,1990
2596,1065,2,1986
3940,364,2,1961
1581,1023,1,1986
1520,962,1,1968
4524,531,2,1961
274,638,2,1986
3587,244,2,1992
519,558,1,1960
1203,246,2,1993
2878,470,1,1985
4292,774,1,1990
993,168,1,1983
2966,366,1,1992
1941,420,1,1982
2619,454,1,1985
2171,678,1,1985
3154,721,2,1987
4303,1058,2,1983
1268,1141,2,1990
1994,1158,1,1988
2505,438,1,1965
1065,741,2,1992
2218,536,1,1978
2217,387,2,1987
1369,968,2,1977
153,341,2,1983
2688,628,2,1992
2610,428,2,1960
3100,416,2,1988
1776,270,1,1990
424,911,1,1986
4183,853,2,1985
395,268,1,1987
2815,938,2,1989
873,1069,1,1950
1635,494,1,1986
905,300,1,1991
3806,1048,2,1962
1048,372,2,1991
2268,2522,1,1952
1794,2535,2,1962
1480,311,2,1987
741,881,1,1966
1979,63,2,1983
3684,159,1,1984
1354,515,1,1977
1323,289,1,1990
1120,384,1,1959
1088,977,2,1985
1920,963,1,1985
2842,164,1,1984
1075,185,1,1980
2597,405,1,1992
3100,361,2,1981
2770,356,1,1977
364,425,1,1987
109,423,1,1968
1270,156,1,1978
380,156,2,1962
2260,379,1,1987
614,693,2,1964
2523,660,1,1963
191,107,1,1978
159,338,1,1991
2827,147,1,1984
525,503,1,1974
1628,318,2,1969
1907,1074,1,1989
722,216,1,1984
519,502,1,1993
1709,693,1,1986
425,451,1,1990
1656,1045,2,1990
789,526,2,1987
2113,924,1,1978
967,615,1,1975
2447,345,2,1990
2095,663,1,1989
2453,266,1,1988
1298,350,1,1983
2408,3407,2,1990
418,1124,1,1960
2180,161,2,1991
303,186,1,1976
4367,855,2,1980
1873,648,1,1965
1460,543,2,1978
2464,500,1,1993
681,750,1,1988
3806,846,2,1962
1037,295,1,1965
85,813,1,1951
3682,429,2,1992
1962,567,1,1983
3424,436,1,1978
3014,634,1,1980
974,100,1,1991
2688,266,1,1982
4144,164,1,1986
719,108,1,1961
1556,661,1,1990
2668,677,2,1982
395,272,1,1987
4833,516,2,1989
836,717,1,1987
1157,718,2,1987
2610,715,2,1960
974,149,1,1991
951,675,2,1998
4678,441,1,1989
1611,720,1,1989
1187,389,1,1987
2566,540,1,1983
3367,913,1,1957
2989,166,1,1990
3014,417,1,1988
681,453,1,1988
243,422,1,1976
4041,136,1,1977
2113,661,1,1978
1979,1363,2,1983
2260,890,1,1987
2022,390,1,1967
1075,392,1,1991
1032,547,1,1983
1992,585,1,1985
3110,149,1,1981
4411,432,1,1979
4656,444,2,1983
2481,995,2,1978
1253,654,1,1965
85,871,1,1951
418,1047,1,1960
237,845,2,1991
525,698,2,1980
3,349,1,1958
1745,607,2,1983
4144,481,1,1986
94,375,1,1986
1896,497,2,1986
2787,153,1,1990
1192,1113,2,1974
677,1043,1,1973
1873,345,1,1988
3121,575,1,1988
1962,710,1,1983
747,74,2,1980
371,505,2,1984
156,325,1,1967
1735,307,1,1963
410,424,2,1990
2272,916,1,1989
210,419,2,1993
4630,494,2,1992
870,661,1,1978
366,538,2,1985
4303,1013,2,1983
2634,180,1,1983
4659,443,1,1992
1427,539,1,1989
3358,517,2,1983
1027,710,1,1985
1620,649,2,1986
926,195,1,1980
2871,373,1,1965
180,667,1,1986
223,1624,1,1968
525,493,2,1980
1834,219,1,1982
4775,450,2,1982
1552,639,1,1990
624,635,2,1987
2523,601,1,1963
614,693,2,1964
2922,829,2,1959
1565,515,1,1984
2273,261,1,1984
196,502,1,1970
1857,117,1,1992
85,881,1,1951
982,511,1,1982
1359,689,1,1983
727,1858,1,1985
2566,535,2,1992
3708,597,1,1989
2736,1222,2,1987
1298,430,2,1980
2405,592,1,1982
1942,829,1,1975
623,256,1,1963
3436,362,2,1987
209,844,2,1985
238,268,1,1987
1575,696,1,1970
1192,906,2,1974
2761,1069,2,1985
2580,742,2,1989
147,429,2,1991
322,1098,1,1986
2789,1152,1,1960
1707,151,1,1979
1713,227,1,1987
1102,302,1,1986
572,1105,2,1977
1542,302,1,1982
1259,788,2,1991
1975,827,1,1989
4201,310,1,1962
1879,306,1,1970
2082,370,1,1987
619,172,1,1982
394,1422,1,1986
3387,522,1,1983
1656,764,2,1990
801,147,2,1992
1192,528,2,1974
4198,643,1,1984
2588,319,1,1980
998,260,1,1955
690,1597,1,1979
2115,614,2,1986
1563,612,1,1987
1610,264,1,1981
2062,376,1,1989
4630,204,1,1988
1187,860,2,1987
2169,492,1,1968
1628,462,1,1982
1975,639,1,1989
234,640,1,1985
2017,905,1,1976
1369,464,1,1990
4576,452,1,1990
1094,343,1,1970
1080,605,1,1989
3019,616,2,1987
1381,173,1,1990
1020,1220,2,1988
4678,468,1,1989
681,464,1,1991
1504,214,2,1982
59,188,1,1967
3682,474,1,1992
1433,641,1,1990
4177,619,1,1965
1979,664,2,1968
150,663,2,1963
798,115,1,1989
3358,1802,2,1983
1692,719,2,1984
1922,721,1,1982
109,527,1,1973
238,578,1,1992
1628,230,2,1987
445,318,1,1983
672,903,2,1989
3719,366,1,1991
2325,278,1,1986
159,392,1,1991
394,989,1,1986
2824,896,1,1988
164,61,2,1987
752,350,1,1985
4179,1075,2,1986
287,344,1,1984
1717,389,1,1980
890,305,1,1976
2172,952,1,1985
2035,615,2,1992
1707,356,1,1974
2961,120,1,1981
271,492,2,1981
1027,591,1,1985
3032,612,1,1950
619,651,1,1983
3,687,2,1986
1073,236,2,1986
615,154,1,1987
1561,819,2,1988
1260,812,1,1987
206,149,1,1989
2693,1491,1,1990
1357,846,2,1986
225,1284,1,1988
2691,789,1,1985
1992,469,1,1985
2842,398,1,1987
2648,889,1,1988
1299,347,1,1992
1556,449,1,1971
2815,488,2,1971
4173,1095,1,1966
303,102,1,1976
287,240,1,1984
1951,832,1,1987
3687,981,1,1991
4343,922,1,1989
232,870,1,1987
474,670,2,1989
117,701,1,1986
603,297,1,1983
1284,373,1,1987
3022,415,2,1985
993,441,2,1989
942,360,1,1987
2496,733,2,1986
1259,888,2,1991
542,250,1,1985
1694,1097,1,1972
4689,1100,2,1983
39,607,1,1988
1113,935,1,1977
1270,257,1,1978
2947,416,1,1987
1811,952,1,1969
686,1451,2,1987
1496,228,1,1969
3547,350,1,1959
2809,111,1,1961
734,328,2,1992
2827,1323,2,1987
3014,335,1,1988
1960,268,2,1956
2404,496,1,1979
623,254,2,1981
424,1151,1,1950
2217,369,2,1991
2405,730,1,1989
1336,1052,2,1990
2426,312,1,1982
635,330,2,1970
4833,335,2,1989
2588,394,1,1989
2876,1193,2,1958
1089,282,1,1972
1381,378,1,1973
206,627,1,1990
1065,676,2,1992
1192,385,1,1958
2035,386,1,1955
727,1102,2,1969
3719,271,1,1988
4028,723,1,1982
815,313,1,1962
3367,208,1,1971
632,516,1,1948
552,1089,1,1995
607,196,1,1975
1005,608,1,1990
2407,776,1,1981
2843,444,1,1970
2947,551,1,1993
1539,1064,2,1989
2432,1074,1,1988
622,935,1,1978
2090,942,2,1955
3100,432,1,1982
686,248,1,1983
2878,957,1,1985
1336,117,2,1990
647,865,2,1987
3555,242,2,1986
1684,400,1,1973
2284,499,2,1993
1002,1063,1,1957
2034,286,1,1982
2687,1848,1,1988
2430,253,2,1955
1960,224,2,1992
3708,297,1,1964
912,569,1,1988
719,636,1,1946
3378,339,1,1992
1570,372,1,1955
1925,251,1,1990
1992,643,2,1966
1899,463,1,1946
418,454,2,1949
1766,249,2,1988
2084,1458,2,1981
4353,347,1,1985
2232,215,1,1984
752,389,1,1985
740,760,1,1990
2129,366,1,1973
1356,858,1,1990
650,803,2,1986
1496,334,1,1969
3945,932,1,1987
2827,1525,2,1987
741,1084,1,1966
1628,614,1,1987
1359,1126,1,1995
4656,382,2,1983
4411,401,1,1979
4349,1289,1,1958
532,621,1,1983
124,1198,2,1958
1900,1570,1,1950
248,788,1,1987
841,596,1,1975
4402,1110,2,1960
4177,966,1,1978
2167,710,1,1991
3612,197,1,1986
3014,312,1,1980
3481,273,1,1974
1238,159,2,1989
2325,457,1,1984
1992,559,2,1966
1133,1431,1,1985
2292,520,2,1981
4689,257,1,1990
3708,544,1,1964
2842,669,2,1968
2735,318,1,1962
4476,299,2,1958
508,2428,1,1987
2870,729,2,1987
2034,280,1,1982
322,779,1,1986
1475,814,2,1987
793,263,2,1992
665,209,1,1989
2273,364,1,1972
532,762,1,1983
2596,372,2,1982
255,973,1,1983
734,274,2,1986
1975,923,1,1989
2827,596,1,1980
4721,167,1,1989
2316,606,1,1979
544,1080,1,1951
4349,1027,1,1958
1850,199,1,1990
4619,1015,1,1963
1357,220,2,1989
740,701,1,1990
1994,322,1,1990
506,1406,1,1970
2991,672,2,1983
2716,343,1,1948
142,1050,1,1976
1857,107,1,1992
1557,266,2,1966
3306,293,1,1963
1027,1408,1,1957
1088,156,1,1990
81,157,2,1989
815,541,2,1974
1120,920,2,1985
1609,1621,1,1950
690,1006,1,1981
1094,151,1,1984
171,373,1,1973
3555,1271,2,1989
1207,286,1,1981
681,444,1,1991
1792,284,1,1989
3014,220,1,1980
729,808,1,1980
2316,264,1,1993
4184,1006,1,1966
2947,564,1,1991
211,792,2,1971
2034,1353,1,1982
2827,377,1,1989
445,117,1,1974
392,764,1,1969
2798,958,1,1968
4173,1307,1,1966
1406,1018,2,1972
694,500,2,1986
474,342,2,1989
3358,1162,2,1983
4635,788,2,1983
4619,795,1,1963
2405,514,1,1989
1218,592,2,1975
3648,1416,1,1958
951,683,1,1965
1357,561,1,1955
1425,637,2,1986
2798,469,1,1968
2849,441,2,1972
248,1139,1,1987
2632,1273,2,1990
2442,350,1,1955
1851,966,1,1957
1381,466,1,1984
4635,906,2,1983
1094,233,1,1984
2034,1284,1,1982
2212,454,1,1956
3648,1055,1,1958
2002,680,1,1993
1834,1033,1,1988
1263,151,1,1989
673,156,2,1989
501,288,1,1987
2679,1284,1,1983
4491,465,1,1985
729,709,1,1980
407,623,1,1979
2632,855,2,1990
1152,606,1,1946
391,619,2,1949
441,220,1,1972
27,393,1,1970
887,610,2,1992
2284,426,2,1993
2679,636,1,1983
631,725,1,1964
2169,621,1,1968
2969,1260,1,1985
445,300,1,1974
998,367,1,1979
2287,680,2,1995
841,516,1,1975
3739,240,2,1988
2316,814,1,1993
1089,300,1,1991
322,169,1,1985
3702,531,2,1976
665,238,2,1989
3043,318,2,1986
4789,413,1,1965
1001,409,1,1983
3307,490,1,1980
3945,533,1,1985
754,1713,2,1990
95,559,2,1981
811,462,1,1983
444,202,1,1992
3,159,1,1982
665,399,1,1953
2842,668,2,1968
480,730,1,1989
1870,1119,1,1959
1963,1222,2,1983
2400,1427,2,1973
2478,966,2,1980
1433,631,1,1976
1381,1203,1,1972
1270,255,1,1978
1644,645,1,1989
2100,576,1,1984
1211,116,2,1988
708,293,1,1978
2631,755,1,1981
2393,234,1,1962
2339,339,2,1992
59,332,1,1967
3144,221,1,1960
2167,461,1,1980
1514,1077,1,1966
1851,301,2,1967
226,699,1,1962
3554,256,1,1966
3014,402,1,1978
930,156,2,1982
2791,181,1,1988
3481,246,1,1974
59,203,1,1967
3307,242,2,1987
1134,244,1,1974
4675,499,2,1985
4665,269,1,1963
538,485,1,1980
2417,394,1,1979
1879,361,1,1970
1152,170,1,1964
1129,487,1,1979
339,128,1,1979
83,161,1,1972
2128,757,1,1959
2735,642,1,1989
410,883,2,1989
75,104,1,1992
2300,903,1,1992
673,1233,2,1993
2100,172,1,1985
3054,307,1,1996
1524,799,1,1988
4638,1447,1,1988
410,1186,2,1989
3307,113,2,1987
2100,140,1,1984
1960,561,1,1973
1094,1605,1,1991
3307,96,2,1987
700,207,1,1992
224,259,1,1991
2813,380,1,1984
720,398,2,1986
4085,303,2,1988
1356,324,1,1992
3,209,2,1958
2751,315,1,1974
232,469,1,1980
752,619,1,1982
774,682,1,1986
1005,202,1,1992
635,334,1,1992
368,385,1,1940
677,1276,1,1977
4329,257,1,1949
1984,471,1,1989
4778,623,1,1966
690,483,1,1988
463,296,1,1989
2738,1562,1,1991
4537,429,1,1990
1699,442,1,1987
299,328,1,1993
1226,1486,1,1986
2567,962,1,1987
1851,285,1,1985
156,425,1,1975
339,287,1,1976
2631,264,1,1942
3381,405,1,1984
2933,1105,1,1991
1253,1060,1,1982
2716,452,1,1987
2494,148,1,1990
2893,298,1,1983
4778,587,1,1966
2140,279,1,1978
2869,282,2,1982
506,306,1,1988
1627,1059,1,1984
2512,238,1,1986
2294,775,1,1982
727,180,1,1991
582,762,1,1988
2453,499,1,1988
329,533,1,1982
164,1040,1,1957
364,599,2,1988
4789,721,1,1992
246,393,1,1983
3564,433,2,1983
1045,1355,1,1991
1328,1205,1,1960
1995,177,1,1985
1342,762,1,1990
9,660,1,1986
2100,799,1,1984
2430,282,1,1981
214,1394,2,1989
282,254,1,1991
1292,229,1,1993
2426,404,2,1989
1061,324,1,1988
2545,881,2,1971
2150,628,1,1982
3254,536,1,1987
4205,834,1,1983
1941,238,1,1960
1641,241,1,1964
2051,238,1,1985
525,230,1,1984
2051,228,1,1985
572,326,1,1981
2438,343,2,1990
1163,678,1,1987
225,258,1,1989
1770,306,1,1985
1304,251,1,1984
1021,659,1,1981
30,170,2,1984
246,389,1,1983
1029,375,1,1992
243,760,1,1990
3389,1225,1,1984
4410,773,1,1991
408,707,1,1974
4411,1200,1,1984
1212,1093,1,1992
2566,625,1,1965
314,244,1,1981
549,273,2,1988
1057,531,1,1992
3295,334,1,1971
1226,796,1,1986
4184,689,1,1987
1737,335,1,1982
1381,273,1,1989
2703,382,1,1990
2350,904,1,1980
2792,237,1,1990
1163,423,1,1986
3684,257,1,1953
1928,1513,1,1988
1963,989,1,1992
1466,279,1,1986
1494,932,2,1987
1207,325,1,1985
408,609,1,1974
4685,225,1,1981
1218,742,1,1993
595,194,1,1995
1331,1099,1,1989
959,359,1,1985
2350,1336,1,1980
4012,991,1,1982
2167,139,2,1993
421,491,1,1995
4561,1452,1,1990
2167,151,2,1993
2167,174,2,1993
2816,232,1,1987
677,897,1,1986
3810,1413,2,1981
232,242,1,1985
481,527,1,1990
3144,703,1,1982
4476,438,1,1985
377,570,1,1992
1417,1299,1,1971
486,1078,1,1980
2598,2096,1,1993
4510,983,1,1989
4685,1023,1,1992
2167,149,2,1993
1488,301,1,1966
3810,1492,2,1981
633,784,1,1986
2329,242,2,1977
2895,1103,1,1990
3306,730,1,1990
1466,3188,1,1988
3310,671,1,1982
2682,518,1,1992
2653,648,1,1955
2232,152,1,1990
2631,223,1,1942
1699,175,1,1962
3393,715,1,1979
1960,1166,1,1982
909,240,1,1993
544,246,1,1951
418,280,2,1992
248,146,1,1969
1075,383,1,1987
453,307,1,1957
1207,237,1,1985
886,176,1,1986
2679,1190,1,1985
1941,247,1,1960
4134,1176,2,1981
752,365,1,1985
1542,234,1,1986
2893,142,1,1993
2050,1206,1,1978
323,336,1,1984
1928,914,1,1988
223,1846,1,1986
4009,512,1,1972
443,216,1,1988
705,1052,2,1986
884,1158,1,1972
364,503,2,1988
727,271,1,1993
1938,609,2,1981
1703,377,1,1981
2480,324,1,1951
2097,374,1,1966
1984,356,2,1992
2842,554,2,1981
1563,558,1,1970
1152,480,1,1992
2549,246,1,1973
2948,342,1,1990
1579,362,1,1990
2958,1268,1,1985
248,1677,1,1969
2013,794,1,1988
2872,226,1,1965
3621,130,1,1994
1880,345,1,1990
1207,722,1,1977
583,555,1,1995
1163,418,1,1986
391,224,1,1959
3729,756,1,1989
1893,483,2,1991
308,1445,1,1990
1616,266,1,1976
1014,1189,1,1991
1649,1531,2,1977
3810,798,1,1987
3043,271,2,1986
1134,509,1,1974
2547,367,1,1984
2473,233,1,1990
2749,143,1,1970
2325,1339,2,1981
3408,1106,1,1985
1998,510,1,1983
668,579,1,1993
1984,390,1,1984
2357,211,2,1984
710,1056,1,1975
1468,354,1,1990
1212,288,1,1992
3635,371,1,1983
3201,341,1,1994
3463,246,1,1971
683,887,1,1986
2536,944,1,1981
1496,753,1,1980
4619,774,1,1980
2742,775,2,1981
1695,329,1,1984
1190,793,1,1981
3813,553,2,1985
2895,252,1,1990
387,580,1,1986
542,280,2,1988
2548,148,1,1981
801,175,1,1989
3137,402,1,1979
1270,190,1,1993
1922,282,1,1986
1896,364,1,1990
936,369,1,1985
150,380,1,1990
1850,183,1,1990
4184,610,1,1987
752,458,1,1985
91,567,1,1961
2560,1310,1,1985
3100,1307,1,1977
2805,1805,2,1990
4134,645,1,1987
3101,105,2,1985
4081,656,2,1998
627,122,2,1987
1940,1228,1,1988
1767,1359,1,1987
3128,320,1,1996
1466,549,1,1990
1134,743,1,1974
4315,215,1,1986
1226,455,1,1987
4078,173,1,1987
1270,681,1,1993
1343,182,1,1972
1279,839,1,1982
462,166,1,1989
764,220,1,1989
1133,1704,2,1993
2547,1680,1,1991
1605,357,1,1991
2282,524,1,1986
1654,82,1,1992
4275,363,1,1991
2171,752,1,1993
248,564,1,1990
2149,342,1,1991
28,664,1,1984
1628,568,1,1989
3146,523,2,1993
2822,467,1,1989
2359,628,2,1983
2857,757,2,1998
2387,765,1,1987
85,330,1,1990
2481,479,2,1978
723,290,2,1985
156,352,2,1979
1880,142,1,1982
4329,300,2,1982
1069,434,1,1979
209,403,1,1984
4392,305,1,1992
2202,362,1,1989
904,1271,2,1977
3821,137,1,1990
474,474,1,1985
1770,264,2,1984
193,1319,1,1987
3369,407,2,1975
2408,213,1,1987
861,560,1,1989
1632,196,1,1992
195,167,1,1986
1503,298,1,1978
253,429,1,1982
3559,185,1,1985
1323,1472,1,1975
1211,245,1,1980
2035,382,1,1955
639,164,2,1985
1283,286,1,1988
727,1073,1,1993
4723,999,2,1977
330,794,1,1957
209,1188,1,1984
1505,165,1,1982
2481,659,2,1978
3443,286,1,1992
1206,1555,1,1985
1027,971,2,1968
257,976,1,1964
1433,1333,2,1989
904,184,1,1987
621,698,1,1984
3166,237,1,1966
2816,159,1,1992
793,149,2,1983
4198,507,1,1987
2843,221,1,1976
479,1048,2,1989
47,229,1,1988
106,227,2,1991
127,248,1,1986
1088,738,1,1984
801,156,2,1983
387,1219,1,1982
890,197,1,1988
1783,147,2,1990
2548,276,1,1992
2115,304,2,1991
2273,557,1,1983
1433,565,2,1981
1212,172,1,1989
741,590,2,1984
1920,1151,1,1989
449,825,1,1960
522,408,1,1982
1281,309,1,1981
759,1386,1,1984
717,369,1,1986
1584,1401,2,1985
2964,3993,1,1957
1287,851,1,1980
2127,830,1,1980
3825,881,2,1981
4173,588,1,1985
1635,442,1,1987
736,698,2,1990
2149,993,1,1971
1411,554,2,1988
847,402,1,1984
9,197,1,1992
1798,652,2,1990
201,2072,2,1977
1203,223,2,1993
4447,174,1,1971
2391,607,1,1992
1635,240,1,1987
2013,255,2,1992
1676,690,1,1981
3101,398,1,1990
2071,416,1,1990
522,374,1,1982
2294,631,1,1963
1993,234,1,1981
2857,1261,2,1998
4465,1373,1,1981
3930,1198,1,1987
2465,441,1,1982
2088,1254,2,1988
1467,1340,2,1967
30,784,2,1987
3596,396,1,1993
1003,921,1,1985
2538,871,2,1982
1798,430,2,1990
2464,305,1,1989
2093,319,1,1991
322,947,1,1984
1246,725,1,1986
4149,694,2,1987
1212,1349,1,1989
1385,1155,2,1982
1281,498,1,1981
2549,353,1,1973
3540,1171,1,1982
441,766,1,1991
248,1261,1,1989
4465,303,1,1984
2097,776,1,1989
1756,291,1,1995
4812,134,1,1989
547,693,2,1991
3344,436,1,1985
4041,402,1,1981
1707,1062,1,1954
1635,64,1,1987
2013,1182,2,1992
1713,688,1,1987
2933,177,1,1980
525,251,1,1984
398,972,1,1964
2969,1543,1,1988
1631,1164,1,1988
1905,895,1,1983
1588,858,1,1991
2971,1060,2,1977
243,428,2,1966
3023,436,1,1963
1695,238,1,1989
4289,1174,1,1963
184,576,2,1991
2095,516,1,1984
772,596,1,1988
451,528,2,1975
4561,529,1,1990
4201,499,1,1981
623,664,1,1996
1850,130,1,1987
1542,651,2,1956
2485,226,1,1987
2834,685,1,1957
1029,267,1,1978
3092,193,1,1989
1713,189,1,1984
1676,612,1,1981
4411,216,2,1980
2560,283,1,1985
3312,1644,2,1964
1487,1635,1,1996
2315,210,1,1989
4237,570,1,1955
293,233,2,1982
2513,868,1,1974
155,326,1,1990
30,1126,2,1965
2226,336,1,1970
3702,387,1,1990
1694,315,1,1985
3393,639,1,1983
360,758,1,1983
1187,367,1,1992
211,954,1,1986
1962,974,1,1983
879,279,1,1986
3540,380,1,1982
2969,861,1,1988
3310,799,1,1955
398,663,2,1987
443,270,1,1988
3254,762,1,1987
2648,272,1,1988
1099,294,1,1985
909,564,1,1980
1654,1689,1,1983
3046,198,2,1981
4812,200,2,1991
3143,228,1,1981
889,296,1,1962
2092,864,1,1993
3312,1054,2,1964
4244,319,1,1958
2691,542,1,1991
1487,1050,1,1996
1182,227,2,1979
1834,255,1,1987
2465,390,1,1951
2547,404,1,1991
1811,272,1,1988
2480,413,2,1992
2035,449,1,1955
1133,405,2,1993
3023,506,2,1982
883,936,1,1988
2518,783,2,1985
4778,908,1,1972
1463,218,1,1987
2908,500,1,1960
1390,170,1,1987
2843,215,1,1990
2923,417,2,1985
29,190,1,1995
879,159,2,1990
2958,193,1,1984
2538,212,1,1983
480,439,1,1985
4173,572,1,1985
1386,550,1,1979
2961,249,2,1991
1134,231,1,1992
30,1060,2,1965
7,131,1,1987
453,288,1,1957
2648,227,1,1988
3776,307,1,1980
2876,703,1,1990
3046,187,1,1981
3411,455,1,1985
3143,196,2,1981
2842,477,1,1975
2749,127,1,1970
1864,280,1,1960
2782,277,1,1980
187,379,1,1987
2086,994,1,1984
3369,238,1,1989
3110,287,1,1964
1484,285,1,1980
3577,630,1,1989
3945,125,1,1986
2092,388,1,1977
1737,321,1,1982
2660,611,2,1989
3436,825,2,1989
602,477,2,1991
1611,329,1,1979
4812,1013,1,1972
2987,1046,1,1989
955,138,1,1988
727,561,1,1993
2581,647,1,1987
3166,224,1,1991
1628,1253,2,1977
2843,242,1,1990
4020,1090,1,1985
3905,278,1,1975
1487,141,1,1961
1088,662,1,1963
3549,121,2,1988
1985,416,1,1992
883,914,1,1984
1939,911,1,1966
501,457,2,1985
2292,644,1,1983
91,525,1,1961
2167,427,1,1958
2212,470,1,1987
2140,416,2,1993
2392,1186,2,1968
4659,264,1,1973
816,161,1,1985
418,273,2,1992
544,271,1,1951
4201,1202,1,1960
211,1154,1,1986
2658,988,1,1989
1163,371,1,1991
1610,354,1,1991
4430,376,2,1993
2354,1222,1,1960
4303,1489,1,1986
2449,256,2,1988
1811,242,2,1986
2217,123,1,1986
2459,122,1,1989
2966,732,2,1990
3344,519,1,1985
1635,181,1,1986
4151,1144,1,1990
1104,481,1,1983
1357,787,2,1985
1699,225,1,1977
1834,216,1,1988
1737,384,1,1954
622,260,1,1979
201,230,1,1991
244,505,2,1978
127,228,1,1981
619,1679,1,1980
4289,960,1,1963
4524,203,1,1982
1975,564,1,1989
3975,591,1,1956
4123,445,1,1981
909,591,1,1980
448,370,1,1985
29,178,1,1995
1270,444,1,1964
1027,799,2,1968
2212,856,2,1984
2099,449,1,1966
1635,292,1,1983
2663,842,1,1986
656,228,2,1966
2706,480,1,1984
2738,210,1,1984
4796,396,1,1988
257,965,1,1964
283,577,1,1969
801,796,2,1984
2073,720,2,1984
2847,202,1,1987
1142,248,2,1989
2857,471,1,1984
600,224,1,1990
661,1312,1,1987
4146,916,1,1956
1843,1677,1,1968
158,347,1,1987
1005,844,2,1985
2609,146,1,1992
1311,365,2,1992
708,891,1,1982
822,234,1,1988
2115,119,1,1994
1834,283,2,1991
1951,837,2,1987
565,385,2,1990
243,469,1,1991
2083,898,2,1976
1988,1108,1,1987
776,1117,2,1987
3327,914,1,1985
2093,1171,2,1986
1476,274,1,1986
1222,121,1,1985
1481,920,1,1981
1654,89,1,1983
1628,801,2,1977
603,174,1,1983
2943,315,1,1992
909,721,1,1980
2354,1006,1,1960
193,1885,1,1987
2911,355,1,1987
3708,299,1,1989
2250,123,1,1986
2366,740,1,1989
480,422,1,1985
1226,500,1,1987
834,1225,2,1981
1455,513,1,1990
81,253,2,1980
2077,313,1,1988
3554,444,1,1994
2283,464,2,1993
319,929,1,1984
1432,1276,2,1979
1280,204,2,1990
2528,675,2,1969
2787,696,1,1968
1484,1190,1,1985
2409,279,1,1990
1390,409,1,1991
542,314,2,1988
3557,295,2,1992
2965,435,1,1988
937,520,1,1982
3730,496,1,1980
51,503,2,1980
3810,1211,1,1979
930,1381,2,1987
2347,956,1,1992
2930,342,1,1980
2801,515,1,1972
2119,286,1,1993
1713,380,1,1984
1487,226,1,1986
948,199,1,1993
1069,334,1,1989
4172,290,1,1984
1064,851,1,1985
2083,483,2,1976
1256,838,2,1986
2931,358,2,1989
1385,861,1,1979
700,627,1,1984
240,286,1,1990
3113,740,1,1985
3411,280,1,1982
146,331,1,1989
2496,537,2,1985
2255,399,1,1981
3612,214,1,1989
686,1054,1,1980
4567,493,2,1984
1975,1006,1,1992
1219,509,1,1966
501,603,1,1987
1192,420,1,1958
81,494,2,1985
2992,521,2,1959
2430,667,2,1984
2660,787,1,1985
3821,215,1,1984
3813,497,1,1986
3397,358,1,1988
2632,881,1,1985
2811,552,2,1983
3909,565,2,1987
3195,303,1,1982
3297,229,1,1992
4701,402,1,1984
834,1201,2,1981
3360,619,1,1989
2032,854,1,1991
621,415,1,1987
547,1893,1,1981
1528,866,1,1982
1635,357,1,1985
150,157,1,1989
1639,882,1,1985
1717,187,1,1975
1182,1446,2,1989
2764,397,1,1953
1299,462,1,1990
2630,180,2,1961
1692,945,2,1953
1163,543,1,1984
3032,243,1,1961
1045,199,2,1991
1075,307,1,1987
2801,1073,1,1972
2660,160,1,1994
4833,313,2,1976
1576,776,1,1981
870,795,2,1980
811,513,1,1980
351,468,1,1973
3029,1179,1,1984
3513,1206,1,1978
656,1318,1,1977
4377,167,1,1977
2737,875,1,1975
2582,708,2,1983
485,824,1,1986
2729,824,2,1989
2792,377,1,1988
3555,732,2,1985
3032,133,1,1985
1934,779,1,1987
1897,440,1,1965
201,965,1,1981
2337,1381,1,1991
1390,857,1,1991
2548,216,1,1962
538,440,1,1980
1670,290,1,1988
816,374,2,1983
2217,536,1,1969
2390,714,1,1984
1008,1125,1,1968
410,465,1,1982
2936,634,1,1949
3463,725,1,1956
3310,353,1,1986
4188,149,1,1978
3411,968,1,1982
4430,153,2,1956
2663,675,1,1993
2080,922,2,1984
401,715,1,1989
1694,816,1,1984
2292,338,2,1958
772,400,1,1990
3914,148,1,1988
2276,663,1,1990
184,430,1,1989
2278,1931,1,1990
1263,385,1,1990
4465,303,1,1984
2521,329,1,1956
2399,534,1,1988
30,1071,2,1965
339,967,1,1964
206,186,2,1990
3587,213,1,1979
2844,1220,2,1992
1134,568,1,1985
2631,595,1,1942
550,780,1,1957
676,427,2,1968
3225,386,1,1998
2083,629,2,1949
240,269,1,1990
4576,189,1,1976
1279,777,1,1992
555,504,2,1986
2588,792,2,1991
1119,169,2,1992
2357,113,1,1990
136,156,2,1983
811,357,1,1990
1089,688,1,1988
2945,1748,1,1983
1893,812,1,1983
2712,771,2,1993
1811,490,2,1986
2270,731,1,1979
1881,309,1,1964
261,1236,1,1983
2016,519,1,1990
3412,792,2,1992
1928,775,1,1988
1754,274,1,1983
1229,478,2,1989
1270,221,1,1963
544,283,1,1989
2298,227,1,1982
418,315,2,1989
881,1054,2,1985
2159,888,1,1993
2523,619,2,1963
2213,825,1,1989
1192,388,1,1958
1632,1381,1,1984
303,308,1,1979
122,796,2,1980
293,1170,2,1998
2366,459,2,1984
633,453,1,1980
2793,914,1,1968
2189,377,1,1953
2798,201,1,1986
1417,1525,1,1992
1004,1176,1,1988
2972,945,2,1975
3389,1224,2,1980
425,955,1,1989
621,968,1,1980
4430,531,2,1993
1390,1402,1,1991
4775,425,1,1973
2218,1189,2,1989
143,565,1,1990
1580,620,1,1965
1369,925,1,1984
1539,431,1,1976
3938,457,1,1988
1481,477,1,1986
2076,499,1,1972
1259,481,1,1993
4188,699,1,1963
184,341,2,1990
36,604,2,1993
2260,214,1,1992
685,404,1,1989
3587,142,1,1979
1620,1316,2,1994
998,616,1,1981
4789,1109,1,1981
290,783,1,1960
693,270,1,1984
3463,929,1,1956
1197,1005,2,1988
2536,1004,1,1988
2083,744,2,1949
2631,755,1,1942
2336,585,2,1994
3810,1058,1,1979
1008,851,1,1968
2185,689,1,1982
47,1689,2,1985
3507,719,2,1980
1907,234,1,1983
1858,104,1,1993
2936,1669,1,1949
2100,464,2,1981
1843,1352,1,1985
131,319,1,1984
1069,666,1,1989
30,1411,2,1965
3379,248,1,1986
3599,388,1,1950
1150,1871,1,1966
3144,386,1,1985
2663,1776,1,1993
2095,145,2,1987
2560,1511,1,1953
1386,442,1,1985
947,267,1,1993
339,535,1,1982
3411,500,1,1982
4567,586,1,1990
1872,481,2,1978
246,1796,2,1991
866,409,2,1978
881,1159,2,1985
3452,600,1,1981
1921,517,1,1956
2405,718,2,1982
3825,1149,1,1959
1940,476,2,1987
4530,191,2,1991
2930,463,1,1994
2359,1071,2,1983
449,187,1,1961
4237,372,2,1985
1354,426,1,1974
676,430,2,1968
2009,1115,1,1987
191,473,1,1987
2429,5845,2,1987
2885,772,1,1989
147,715,2,1976
912,406,1,1990
3548,290,1,1981
143,762,1,1988
2729,485,1,1991
773,887,1,1983
1392,335,1,1980
2710,953,1,1997
2276,481,1,1990
1346,311,1,1992
2302,2189,2,1983
2180,1227,2,1988
2151,1555,2,1956
2536,895,1,1988
1197,911,2,1988
1893,1251,1,1983
3022,1552,1,1957
2877,1130,1,1987
1939,605,1,1966
3547,956,1,1978
1632,1589,1,1984
698,520,1,1967
1426,746,2,1980
3,1150,1,1984
1220,363,2,1989
772,124,2,1958
3360,513,1,1983
3638,1129,1,1992
4172,147,1,1984
2470,1157,1,1992
1586,186,1,1989
2354,189,1,1989
3389,1684,2,1980
3852,747,2,1981
2499,879,2,1991
2593,202,1,1984
4095,223,2,1983
1061,304,1,1988
3101,318,2,1991
2337,3252,1,1991
2098,446,1,1986
948,333,1,1985
2484,555,1,1953
3358,184,1,1983
823,1003,1,1978
155,311,1,1990
2566,1211,1,1985
530,358,1,1981
243,469,1,1981
720,444,1,1981
1637,277,1,1981
1694,217,1,1990
135,274,2,1981
1934,419,1,1990
32,700,2,1958
772,101,2,1958
2350,1039,1,1981
519,1481,2,1991
1935,897,2,1966
2682,458,1,1979
2077,702,1,1954
1896,179,1,1990
2811,998,2,1983
147,1008,2,1976
3381,535,2,1989
815,349,2,1974
1862,203,1,1983
3596,329,1,1993
633,220,1,1974
789,1122,1,1963
2893,273,1,1989
2184,613,1,1984
2632,168,1,1966
1880,246,1,1982
2405,278,2,1982
1996,598,1,1982
3389,478,1,1989
3282,299,1,1989
2347,977,1,1979
2890,302,1,1990
2842,147,1,1990
724,908,1,1985
150,150,1,1990
3890,336,1,1992
2292,855,1,1993
71,485,1,1970
719,886,2,1992
3016,879,1,1972
98,87,1,1983
214,923,1,1991
4095,242,2,1983
2118,251,1,1984
2885,605,1,1992
393,342,1,1987
2085,466,1,1991
683,193,1,1977
1998,336,1,1995
2282,620,1,1986
4619,359,2,1984
1676,229,1,1989
3597,884,1,1969
2825,1421,1,1993
588,1437,2,1993
1829,321,1,1979
937,589,2,1992
1021,395,1,1969
772,306,1,1992
51,1035,2,1985
955,1038,1,1982
2708,180,2,1987
1890,465,1,1996
2877,995,1,1987
2260,289,2,1979
1962,262,1,1971
794,445,2,1987
2727,437,1,1988
1175,540,1,1953
3733,723,1,1988
4659,351,1,1989
1562,367,1,1993
3786,1029,2,1992
2399,288,1,1980
774,355,1,1988
2129,1367,1,1987
2016,756,1,1990
3279,533,2,1980
1225,1369,1,1987
3188,434,2,1984
2972,365,1,1979
4183,306,1,1992
2743,1119,1,1953
2034,364,1,1993
523,382,1,1988
1915,341,1,1990
3282,444,1,1991
1695,401,1,1990
1736,463,2,1990
1829,468,2,1979
4674,329,1,1963
4640,338,1,1988
2245,386,2,1988
4184,528,1,1980
2720,297,1,1984
1717,136,1,1956
1620,239,2,1986
1229,226,1,1995
2811,187,1,1992
486,837,1,1980
2708,197,2,1987
1872,548,2,1978
4373,345,1,1981
4292,219,2,1985
1935,666,1,1980
1069,980,1,1989
2302,517,1,1988
1014,364,1,1964
1797,755,2,1975
673,1082,1,1974
2560,1362,1,1991
1556,219,2,1962
4619,794,2,1984
2633,817,1,1971
2368,485,1,1953
1018,504,2,1954
2347,1160,1,1979
2035,575,1,1986
1717,132,1,1956
2738,663,1,1956
1339,918,1,1989
3107,1548,1,1991
425,316,1,1984
1163,288,1,1984
2843,912,2,1988
211,333,1,1970
3111,566,2,1984
2188,762,2,1985
1613,899,1,1984
51,852,2,1985
4402,314,2,1984
366,1434,2,1981
142,326,1,1980
955,841,1,1982
2009,2556,1,1987
1998,981,1,1995
472,228,1,1991
451,424,1,1970
489,152,1,1985
2825,1031,1,1993
2270,1229,2,1989
754,551,1,1990
794,670,2,1987
1118,732,2,1977
588,1090,2,1993
2484,756,1,1953
2686,860,2,1975
1270,970,1,1989
2727,754,1,1988
2711,1174,2,1978
75,594,1,1986
2836,1224,1,1992
375,156,1,1990
2885,568,1,1992
1537,602,1,1992
581,411,1,1989
2388,159,1,1992
150,619,1,1992
543,423,1,1990
287,101,1,1981
1567,526,1,1952
2980,198,1,1985
2260,586,1,1989
274,297,2,1992
724,1594,1,1985
651,4342,2,1988
2366,357,1,1989
3140,457,1,1987
30,350,2,1958
3393,344,1,1959
838,913,1,1972
2682,1527,2,1982
1328,913,2,1992
1987,904,1,1989
3054,496,1,1960
2098,373,2,1988
2773,836,2,1980
932,343,2,1985
939,592,1,1989
1748,729,1,1989
364,517,1,1987
891,268,1,1967
3360,243,1,1985
597,785,1,1992
217,420,1,1992
4689,987,2,1980
2705,374,1,1982
542,1112,1,1952
3297,286,1,1971
2470,827,1,1992
2813,1075,2,1950
1195,151,1,1990
210,514,1,1986
2910,159,2,1991
2794,216,1,1982
1980,1416,1,1960
4710,423,2,1992
2449,2520,1,1989
937,254,1,1992
889,627,1,1962
1290,649,1,1954
3597,347,1,1969
3017,862,1,1965
1215,534,2,1964
1928,1081,1,1995
490,1109,2,1992
2388,147,1,1992
948,595,1,1990
2730,1139,1,1992
2262,605,1,1963
763,643,2,1983
1877,489,1,1977
4151,480,1,1971
3909,379,2,1987
676,301,1,1993
1857,306,1,1969
2485,228,1,1989
26,391,2,1982
2212,496,1,1991
3599,1195,1,1985
4275,484,1,1991
896,210,1,1992
1984,441,1,1987
2054,767,2,1965
243,294,1,1981
1951,849,2,1987
3279,603,1,1973
3739,999,2,1989
2022,1451,1,1956
2272,695,2,1985
752,999,2,1991
3144,1006,2,1987
2461,638,1,1968
734,754,2,1992
772,1141,2,1979
927,87,1,1983
152,392,1,1978
1606,308,2,1985
1733,1045,1,1987
1102,1420,2,1955
2811,391,1,1946
3905,827,1,1979
122,277,1,1982
463,440,1,1991
2827,423,1,1983
1425,1320,1,1990
453,667,1,1991
3335,1290,2,1985
322,411,1,1972
1882,1308,1,1980
2652,516,1,1964
2453,1230,1,1984
1354,702,1,1981
1996,1214,2,1981
314,257,1,1981
948,245,1,1986
1792,751,2,1988
2129,1168,1,1975
1890,263,1,1978
3113,231,1,1988
1985,300,2,1985
473,240,1,1981
3188,805,1,1973
1144,1530,1,1986
4392,1061,1,1965
1817,128,1,1986
892,1073,2,1969
1928,249,1,1973
1939,886,1,1966
2464,414,1,1994
1774,188,1,1972
4373,137,1,1981
1620,221,2,1986
1167,794,2,1981
1328,880,2,1992
2567,685,1,1991
1484,638,1,1985
2658,370,2,1984
871,328,1,1995
2549,526,1,1983
3776,1436,1,1983
339,533,1,1982
690,907,2,1993
1953,959,1,1949
1556,661,2,1986
721,85,1,1951
4172,261,1,1983
380,200,2,1962
2262,897,1,1959
4723,283,1,1970
3225,793,1,1998
4177,1262,2,1983
1188,781,1,1960
319,680,1,1986
1284,777,2,1986
2668,805,1,1986
195,272,1,1990
2933,147,1,1973
2890,796,1,1985
4146,444,1,1955
4710,746,2,1992
2972,163,2,1960
704,244,2,1990
1411,426,1,1972
366,1806,2,1981
2083,231,1,1979
2652,688,1,1964
2827,428,1,1983
3597,447,1,1969
701,719,1,1988
1256,130,1,1986
156,772,2,1988
2505,1035,2,1990
1872,1669,2,1978
1001,1011,1,1984
1699,231,1,1990
2836,255,1,1992
85,442,1,1981
838,159,1,1972
2748,269,1,1988
1857,1222,1,1969
2339,189,1,1989
2773,1551,2,1980
2827,189,2,1987
2272,616,1,1990
2720,1392,1,1995
701,152,1,1988
4576,774,1,1990
1183,154,2,1988
1811,193,1,1992
747,362,1,1987
130,1063,2,1962
1088,1307,2,1991
617,1064,2,1985
1246,259,1,1991
2017,222,1,1987
3188,894,1,1973
258,1157,1,1991
3409,391,1,1967
2691,468,1,1984
2876,740,2,1980
392,731,1,1981
342,780,1,1971
1882,1035,1,1980
1897,915,1,1993
1176,327,2,1993
4034,1070,2,1985
3810,289,2,1985
2587,350,1,1993
1118,2140,1,1964
1283,1519,1,1989
2658,781,2,1984
3306,509,1,1990
871,751,1,1995
1188,476,1,1960
490,1632,2,1992
2730,1613,1,1992
127,247,1,1993
201,1846,1,1982
3507,1852,2,1980
152,1381,1,1978
3016,2467,1,1972
2445,1564,2,1983
4444,301,1,1986
4437,1570,1,1984
1392,722,1,1989
866,638,1,1982
4666,227,2,1960
1438,301,2,1988
701,306,1,1988
1078,1536,1,1984
1741,309,1,1967
303,523,1,1980
693,1097,2,1996
3017,835,1,1965
3327,776,1,1987
2772,173,1,1988
4373,409,1,1981
143,1038,1,1981
2652,555,1,1964
2193,232,1,1992
490,267,2,1992
3,377,1,1990
2743,1268,1,1953
549,490,1,1992
4095,458,1,1986
3156,600,1,1991
3133,1194,1,1988
3360,469,1,1952
1951,554,1,1977
493,412,1,1974
1226,419,1,1986
3895,2700,2,1989
4184,2676,1,1989
948,612,1,1990
4198,744,1,1959
1217,996,1,1972
3481,244,1,1982
709,1103,1,1967
2360,781,1,1981
1149,187,2,1956
1266,1008,2,1980
2292,3870,1,1993
2016,890,1,1978
2329,3916,2,1992
451,1228,1,1970
2084,266,2,1974
1067,1131,2,1981
1629,606,1,1979
1556,1247,2,1986
2474,561,1,1967
3786,1083,1,1980
462,959,1,1956
542,348,1,1952
3687,165,1,1990
1992,443,1,1996
1188,545,1,1960
2972,298,2,1960
65,1243,2,1992
2668,1144,1,1986
2108,750,1,1961
4177,1176,2,1983
2703,1257,1,1992
742,1255,1,1991
1102,577,2,1991
4671,968,1,1986
130,256,1,1951
2549,1311,1,1983
2711,965,2,1978
1518,181,1,1986
1862,1078,1,1991
1034,349,2,1989
2465,2431,1,1986
1897,816,1,1993
2815,2429,2,1984
4725,148,1,1986
3408,684,1,1990
3513,342,1,1983
1967,717,2,1974
2347,650,1,1988
2214,308,2,1968
1187,268,1,1990
519,704,2,1981
2836,1148,1,1992
717,317,2,1980
2773,1136,2,1980
2470,1118,1,1989
1923,577,1,1963
3225,1518,1,1998
1920,1060,1,1987
1784,1060,2,1989
3016,843,1,1972
2032,750,2,1988
3564,566,2,1962
3015,235,1,1989
2246,125,1,1992
3133,568,1,1988
2658,984,2,1984
871,971,1,1995
1503,306,1,1981
2652,686,1,1964
1105,586,1,1994
3110,302,1,1960
152,972,1,1978
1091,1163,1,1990
2292,521,1,1993
1606,136,2,1988
2632,531,1,1966
1068,2314,1,1987
1479,573,2,1992
377,735,1,1985
1627,1115,1,1993
2265,395,1,1986
4262,564,1,1984
1168,1115,2,1993
293,819,2,1998
693,889,2,1996
4411,277,1,1968
617,1225,2,1951
2708,2167,1,1960
1176,559,2,1993
1941,862,1,1987
2048,291,1,1987
2376,1782,1,1985
87,645,1,1960
2880,635,2,1985
2406,621,1,1983
2279,266,2,1984
1588,589,1,1988
4033,592,1,1990
1188,583,1,1960
2485,1378,1,1993
243,599,1,1981
2063,392,1,1957
4476,707,2,1971
1967,322,1,1986
3890,584,2,1984
1863,200,2,1961
1971,212,2,1961
2870,560,2,1991
27,695,2,1987
2445,1326,2,1983
4437,1318,1,1984
1078,1293,1,1984
1144,505,1,1987
437,336,1,1976
3786,414,1,1980
1226,373,1,1991
4796,851,2,1990
2592,406,2,1980
2597,603,1,1992
1984,407,1,1987
577,211,1,1982
501,836,1,1990
150,597,1,1992
4224,611,1,1992
3016,600,1,1972
451,1071,1,1970
1324,912,1,1962
565,1418,1,1977
1187,722,1,1964
789,476,1,1983
1555,519,1,1955
1713,631,1,1983
1597,1744,2,1985
2214,331,2,1968
709,1188,1,1967
3493,708,1,1981
863,299,2,1974
2017,1788,1,1987
83,494,1,1979
3810,1808,2,1985
862,200,2,1988
1328,503,2,1975
4576,479,1,1970
2432,273,1,1985
866,571,2,1993
3513,355,1,1983
2355,789,2,1987
2878,1444,2,1991
1684,239,1,1961
211,906,2,1987
2485,501,1,1965
117,669,1,1989
4525,1267,1,1984
2062,899,2,1993
4143,421,1,1991
234,902,1,1992
1627,682,1,1993
4377,170,1,1977
1795,954,2,1979
243,413,1,1981
1168,690,2,1993
2772,747,2,1990
1231,151,1,1993
2748,680,1,1990
51,347,1,1988
339,438,1,1960
1575,1100,1,1976
242,1099,2,1986
1089,805,1,1961
656,868,1,1990
896,304,1,1987
2622,236,1,1989
2493,219,1,1963
2218,622,2,1978
628,247,1,1995
2633,389,1,1971
1797,392,2,1975
506,137,1,1987
2163,311,1,1983
2099,1833,2,1991
1846,1824,2,1990
3729,290,1,1987
2611,276,1,1987
2836,1253,1,1992
3679,432,2,1977
1748,719,1,1987
724,318,1,1985
4184,1904,2,1989
2827,497,1,1975
709,453,1,1967
3895,1966,1,1989
1850,454,1,1969
226,661,1,1959
1188,1094,1,1960
633,182,1,1974
130,584,1,1989
1020,401,2,1968
1590,407,1,1968
4027,416,1,1988
701,275,1,1988
3806,784,2,1958
2652,1458,1,1964
2484,1784,1,1986
2262,536,2,1993
3739,1057,1,1976
2578,1294,1,1986
4430,541,2,1993
463,269,2,1989
1140,617,1,1963
710,403,1,1992
823,906,2,1981
583,412,1,1984
2350,903,1,1981
544,292,1,1989
2275,1157,2,1978
4083,1216,1,1969
2282,1213,1,1985
231,1125,2,1991
2512,249,1,1986
1877,857,1,1978
1611,649,1,1986
4009,526,1,1963
1915,152,2,1956
1783,541,2,1985
742,185,1,1987
693,1563,2,1996
2195,460,2,1985
452,277,1,1976
552,213,1,1983
1119,843,2,1978
2016,1973,1,1978
1576,998,1,1991
954,989,1,1991
2963,185,1,1988
3327,1122,1,1984
881,892,2,1985
4465,806,2,1986
2712,770,2,1993
294,1030,1,1946
309,522,1,1967
1328,907,1,1978
2836,648,1,1992
848,1641,2,1990
2089,1621,1,1989
950,365,1,1990
937,555,1,1988
1575,524,1,1988
342,899,1,1971
2308,509,2,1985
4055,116,1,1976
123,1778,1,1983
1605,438,2,1992
2880,1810,2,1985
2682,437,2,1979
1064,1221,2,1986
1829,447,1,1980
513,847,1,1962
2357,360,1,1991
992,617,1,1993
31,673,2,1990
522,1032,1,1984
2974,1592,1,1987
3945,130,1,1983
907,374,1,1982
1613,690,1,1954
2756,573,2,1986
252,278,2,1989
624,127,1,1990
2990,179,1,1986
2329,822,1,1958
4524,1376,1,1972
2975,950,1,1969
3730,764,1,1990
926,361,1,1989
3599,412,1,1984
1229,1074,1,1984
3166,902,1,1960
481,2840,1,1985
1827,228,1,1987
2729,1238,1,1991
606,370,2,1972
3101,656,1,1985
2083,1064,1,1990
2611,307,1,1989
94,1347,2,1989
1516,398,2,1992
2633,250,1,1982
1480,188,1,1993
310,1356,1,1989
601,152,1,1991
2836,418,1,1992
4666,394,2,1986
2878,1631,2,1991
1748,407,1,1987
2462,1410,1,1993
4236,922,1,1991
718,1036,2,1991
1168,1461,2,1993
2773,575,2,1980
904,297,1,1985
2880,452,2,1985
1923,859,2,1990
123,438,1,1983
3729,110,1,1990
1934,3074,1,1979
3782,392,2,1997
3131,391,1,1988
2270,421,1,1984
2149,776,1,1965
1392,150,1,1989
987,289,1,1987
1941,128,1,1993
2047,344,1,1991
91,420,1,1989
4184,1227,1,1989
1386,1235,2,1989
2011,1582,1,1960
1699,814,1,1968
1947,427,1,1971
2110,697,1,1980
4775,313,1,1987
337,934,2,1996
1962,166,1,1971
346,1554,2,1987
1670,1050,2,1975
385,381,1,1986
4660,1642,2,1987
3947,681,2,1988
2121,669,1,1974
2880,356,2,1985
1475,602,1,1981
1993,623,1,1991
1436,129,1,1989
1201,479,1,1995
1576,1033,1,1991
123,396,1,1983
366,851,2,1985
395,1522,1,1981
643,1530,2,1984
3140,281,2,1963
954,1088,1,1991
2458,326,1,1968
513,929,1,1962
2073,1489,1,1983
2774,418,1,1980
812,1513,2,1983
529,673,1,1961
2295,180,1,1977
3101,661,1,1985
2134,435,2,1989
2925,1019,1,1988
1663,1026,2,1987
3121,553,1,1985
2193,212,1,1988
1119,1191,2,1978
2866,217,1,1985
1639,359,1,1954
2088,793,1,1987
4244,445,2,1973
1192,350,1,1984
158,271,1,1988
224,545,1,1990
823,1523,2,1981
3555,292,1,1990
2815,1102,2,1983
2350,1560,1,1981
294,1196,1,1946
1190,576,1,1984
701,238,1,1988
3032,1076,1,1982
716,455,1,1964
881,1242,2,1985
4561,604,2,1986
977,1436,1,1982
1020,1774,2,1968
2224,679,2,1984
948,215,2,1977
1618,900,1,1981
993,1785,1,1968
3786,340,1,1982
724,1775,1,1985
1899,426,2,1979
61,5604,1,1949
4343,327,2,1978
4287,465,2,1982
2938,547,1,1990
3369,468,1,1952
7,384,1,1987
2963,1063,2,1980
527,1484,2,1964
3654,595,1,1986
2102,824,1,1982
2183,499,1,1980
2438,483,2,1986
2885,1419,1,1992
588,1337,1,1988
90,536,1,1988
2942,237,1,1990
2460,825,1,1988
2954,207,1,1982
2836,1031,1,1992
700,1149,1,1991
130,606,1,1989
823,305,2,1981
822,107,1,1989
2350,321,1,1981
264,142,1,1989
2429,824,2,1987
3589,1072,1,1982
2491,785,2,1990
3282,855,1,1988
1759,980,2,1987
774,320,2,1989
3019,317,1,1988
47,321,1,1989
2359,827,2,1983
1977,1106,1,1989
2847,231,1,1962
1242,1171,1,1972
938,551,1,1992
1634,1413,2,1962
2961,1792,2,1986
3513,728,1,1983
2953,1471,1,1963
2647,891,2,1989
632,204,1,1992
4173,847,1,1985
848,1783,2,1990
4524,1506,1,1972
2089,1778,1,1989
552,303,1,1961
422,408,1,1986
1555,358,1,1981
1901,406,1,1982
3702,1101,1,1988
760,934,2,1975
2774,572,1,1950
2370,384,1,1978
2947,305,1,1993
3760,513,1,1983
2925,751,1,1988
2914,752,2,1987
59,266,1,1992
351,736,1,1984
1660,510,1,1980
2100,237,1,1967
1790,348,2,1985
530,361,1,1989
1238,653,1,1988
1003,132,2,1986
851,1367,2,1987
1129,2336,2,1976
742,751,1,1990
2963,669,2,1980
784,443,1,1983
950,473,1,1990
2423,153,1,1992
2301,817,2,1993
3101,1024,1,1985
3786,670,1,1989
4373,480,1,1981
4524,367,1,1972
1897,787,2,1989
3360,1008,2,1986
2070,1117,2,1988
1396,1162,1,1978
2691,1123,1,1984
2811,1199,1,1991
2163,337,1,1989
3372,954,1,1990
869,1231,1,1987
3560,1243,2,1983
1557,497,2,1985
2465,1242,1,1989
387,569,1,1980
150,162,1,1982
2406,385,1,1984
3369,918,1,1987
2413,916,1,1986
1259,1707,1,1987
3156,352,2,1977
724,1067,1,1985
75,697,1,1986
2041,329,2,1985
580,384,1,1987
1192,621,2,1991
311,472,1,1978
448,407,2,1958
926,1095,1,1971
4168,290,1,1982
1863,1030,1,1988
4660,1004,1,1984
1627,1048,1,1955
3144,797,1,1988
3739,1074,1,1988
678,2357,2,1994
2836,1159,1,1992
1346,1017,2,1978
862,129,1,1985
2458,469,1,1968
3101,603,1,1985
2609,606,1,1987
4482,435,2,1989
1674,446,1,1989
1862,95,1,1992
1112,1140,1,1983
887,2163,1,1958
1468,545,2,1983
2110,546,1,1980
2679,662,1,1984
1088,697,1,1983
2423,690,1,1984
2162,264,2,1989
772,1235,1,1992
2710,352,1,1983
2468,671,1,1954
720,284,1,1988
1797,368,2,1958
678,341,2,1994
2884,1047,2,1980
329,337,1,1963
2547,267,1,1982
896,150,2,1981
2090,601,1,1991
863,646,1,1987
191,987,1,1977
2513,797,1,1990
2089,1438,1,1989
2925,968,1,1981
1195,321,1,1978
2910,891,2,1962
1171,1583,2,1957
1004,1243,1,1981
4524,1170,1,1972
1990,1033,1,1991
2811,728,2,1981
1421,797,2,1963
1575,1283,2,1982
4373,288,1,1972
742,1385,1,1990
1862,491,2,1989
955,441,1,1988
2033,431,2,1986
4071,468,1,1981
387,662,1,1980
1854,716,1,1989
255,405,1,1989
1323,580,1,1982
2450,724,2,1988
463,1163,1,1951
848,1692,2,1990
572,370,1,1987
1476,297,1,1987
1484,776,2,1989
3942,769,1,1966
1399,784,1,1970
294,1163,1,1946
700,1128,1,1991
926,1048,1,1971
2916,1303,2,1991
2668,1839,1,1986
2549,1845,1,1983
1846,1303,2,1990
2118,368,1,1967
2518,671,1,1989
2942,267,1,1990
964,948,1,1988
2393,689,2,1988
2840,314,1,1989
2184,1069,1,1984
356,397,2,1993
2335,664,1,1987
4669,526,2,1998
4262,424,1,1956
1190,820,2,1987
3452,727,2,1986
3352,554,1,1982
2761,612,1,1990
887,919,1,1958
1676,777,1,1988
3548,345,1,1982
2714,180,2,1966
2567,181,1,1962
1264,856,1,1981
789,554,1,1960
1923,684,2,1990
2836,1193,1,1992
131,278,1,1971
261,1882,1,1983
660,271,2,1993
1591,599,2,1993
1465,430,2,1966
1586,467,1,1983
4188,1145,1,1963
2380,883,1,1963
2961,1077,1,1977
2611,614,1,1987
32,279,1,1981
1834,730,2,1986
1505,493,1,1966
3687,942,2,1982
2947,304,1,1993
3113,458,1,1953
2462,728,1,1987
1863,593,1,1984
2376,305,2,1987
4725,310,1,1983
7,604,1,1952
869,505,1,1989
3367,739,1,1966
2836,188,1,1985
3523,799,1,1990
3664,267,1,1989
3101,1387,1,1985
2991,211,1,1985
3847,655,1,1962
1563,1308,2,1960
703,416,1,1989
2083,394,1,1997
580,818,1,1954
2686,835,1,1985
2354,534,2,1986
1613,490,1,1971
1977,110,2,1991
2458,175,1,1987
1681,322,1,1989
673,3341,2,1965
3729,257,1,1990
1192,446,1,1966
3311,213,1,1982
1563,107,2,1960
2703,1206,2,1972
2048,649,1,1990
1134,1007,2,1987
61,1004,1,1965
4524,1080,1,1972
9,827,2,1993
1756,375,1,1994
2910,1206,2,1962
294,879,1,1946
1455,208,1,1989
2348,738,2,1984
410,258,1,1993
2450,873,2,1988
299,927,1,1990
611,532,1,1985
3676,544,2,1982
445,301,1,1990
716,292,1,1992
742,1269,1,1990
686,646,1,1980
1242,260,1,1993
2173,731,1,1980
1299,426,1,1950
570,280,1,1991
1923,724,2,1987
165,521,1,1992
2682,1072,2,1980
2380,792,1,1963
2374,1247,2,1978
2090,1515,1,1991
993,333,1,1991
1004,488,1,1981
863,337,1,1949
1627,834,1,1955
1511,305,2,1963
3760,448,1,1972
2472,1015,1,1992
1971,288,2,1961
987,259,1,1987
1586,301,2,1961
206,323,2,1972
2679,359,1,1984
1346,781,2,1978
1809,1019,1,1984
678,917,1,1989
1660,972,2,1986
3942,357,1,1966
1399,355,1,1970
697,1051,2,1975
4790,1360,1,1987
1984,1334,1,1969
2035,498,1,1990
2491,1210,1,1962
2714,1249,2,1966
2405,1310,2,1968
2076,510,1,1992
3679,664,1,1985
1230,752,1,1957
1518,668,1,1955
1759,682,2,1955
1562,748,1,1993
496,1386,1,1970
1238,527,1,1989
2275,474,2,1983
4430,318,1,1983
2544,312,2,1985
2354,714,2,1990
2121,1096,1,1990
3155,1660,2,1974
1027,1055,1,1965
2645,285,1,1993
602,1101,2,1969
2212,925,2,1978
4393,276,1,1966
2686,984,1,1985
2083,1008,1,1997
4085,399,2,1991
4168,339,2,1985
104,456,1,1978
1134,784,2,1987
1073,123,2,1982
1539,1978,2,1957
2085,206,2,1990
1967,826,1,1989
2453,654,1,1982
2064,138,1,1991
98,452,2,1987
615,502,2,1993
1545,846,1,1987
2612,257,1,1996
1460,1294,2,1987
280,161,1,1995
4659,636,1,1984
673,1209,2,1965
2177,767,1,1985
2703,1183,2,1972
4619,1202,2,1963
816,323,2,1983
611,899,1,1985
136,338,1,1991
3676,908,2,1982
1960,686,1,1979
2270,206,1,1987
1864,291,1,1982
3046,1931,2,1984
1118,547,1,1994
703,817,2,1988
424,801,1,1992
2746,783,1,1961
392,862,1,1981
3585,2127,1,1977
2748,532,1,1985
480,897,2,1980
2751,274,1,1974
1078,678,1,1985
1317,488,1,1997
1893,254,1,1942
2663,726,1,1982
2359,957,2,1983
2184,750,1,1984
2603,495,1,1984
1681,393,1,1989
382,1023,2,1955
2484,842,1,1986
4149,802,1,1974
2110,490,2,1989
177,462,1,1973
2525,86,1,1993
2473,312,1,1986
572,432,1,1989
1990,211,1,1962
2588,234,1,1982
789,1656,1,1991
2348,805,2,1984
4172,837,1,1975
1264,172,1,1990
3589,802,1,1960
1644,266,1,1986
3155,620,1,1986
107,1295,2,1978
1575,840,1,1987
1759,454,2,1983
4790,293,1,1987
2686,848,1,1985
2547,242,1,1982
1628,393,2,1982
2818,688,1,1993
2943,135,1,1970
2464,201,1,1995
2471,598,1,1984
2632,768,1,1986
2459,471,1,1986
4262,460,1,1956
1425,813,2,1987
2677,338,1,1987
2696,1900,2,1991
2458,502,2,1984
2192,145,1,1983
4619,634,2,1963
3555,763,1,1968
2098,313,1,1984
3143,185,2,1989
1075,462,1,1988
1792,744,2,1988
485,1148,2,1989
3188,1231,1,1973
2910,1753,2,1962
3986,3947,2,1958
703,741,2,1988
2374,757,2,1978
2631,1315,1,1977
1231,467,1,1984
2625,236,2,1986
572,426,1,1989
1631,342,2,1985
2453,190,1,1982
2582,639,2,1994
322,310,2,1980
130,2658,1,1966
578,377,1,1972
2380,715,1,1963
2916,231,1,1991
857,359,1,1990
544,2690,2,1966
1030,2010,2,1997
1613,132,1,1971
1920,828,2,1979
3379,458,1,1974
1317,735,1,1997
2370,241,1,1978
377,1009,2,1986
176,301,1,1981
2076,321,2,1991
1399,239,1,1970
3942,244,1,1966
1032,1338,2,1987
2249,589,1,1971
1639,487,1,1982
552,286,1,1973
1941,210,1,1988
1242,686,2,1967
1528,188,1,1990
2308,739,2,1985
28,481,1,1985
2132,279,1,1983
4173,398,1,1981
1562,551,1,1993
4172,808,1,1975
2598,206,1,1990
3310,418,2,1985
682,430,1,1984
998,404,2,1974
4262,424,1,1989
1675,791,2,1987
2471,733,1,1984
938,386,1,1992
3150,533,1,1983
2576,617,2,1962
3054,731,1,1993
4287,1142,1,1975
304,994,1,1987
4561,641,2,1986
1801,1533,1,1984
283,656,1,1985
1746,1070,1,1986
1834,431,2,1987
3730,879,1,1989
3848,405,2,1983
1662,390,2,1992
366,824,2,1985
957,335,1,1985
1752,555,2,1990
117,1043,2,1961
827,219,1,1989
841,1061,1,1993
1175,620,1,1953
3263,433,1,1985
2326,206,1,1993
2812,640,2,1991
4071,448,1,1980
3779,625,1,1991
1238,137,1,1991
590,957,1,1957
1120,140,1,1990
1455,931,2,1990
2785,1638,2,1986
2511,1210,1,1977
3654,1580,1,1969
1628,412,1,1982
703,407,2,1975
881,573,2,1990
4188,1140,1,1963
4791,282,2,1997
3254,390,1,1984
4280,340,2,1965
255,1399,1,1986
3111,154,1,1995
817,534,1,1992
2022,988,1,1950
4468,793,1,1957
896,494,1,1980
1126,267,1,1988
583,1065,1,1979
2746,388,1,1961
1951,603,1,1986
1475,588,1,1989
2471,518,1,1984
385,732,2,1967
4551,1058,1,1977
322,309,2,1980
1262,412,1,1989
4373,596,1,1981
101,408,1,1946
1246,518,2,1993
61,543,1,1992
2413,1022,2,1985
1580,278,1,1965
1675,530,2,1991
2645,193,1,1995
1685,839,1,1978
615,303,1,1988
1660,907,2,1987
2041,278,2,1985
3152,209,1,1976
2380,1147,1,1963
2512,461,1,1984
4266,847,1,1987
513,371,1,1955
3046,685,2,1984
1229,584,1,1940
1613,433,1,1971
4678,523,2,1990
2069,972,1,1952
882,527,1,1987
233,299,1,1984
775,642,2,1990
283,805,1,1985
4775,1322,1,1956
1684,950,2,1961
774,952,1,1960
2102,790,1,1982
1827,474,1,1983
3463,241,1,1991
619,436,1,1990
3786,1116,1,1980
2649,1166,1,1984
652,980,1,1960
1018,1272,2,1988
1748,1067,1,1953
1222,251,1,1992
1606,968,2,1979
368,1279,1,1981
2738,754,1,1956
1297,2254,1,1984
1057,651,1,1974
1264,1480,1,1965
1001,1235,2,1990
277,761,1,1961
1259,466,2,1986
937,1247,1,1981
1627,431,1,1992
1185,206,1,1990
817,287,2,1992
635,1419,2,1974
2917,958,2,1966
283,345,1,1985
423,519,2,1998
1807,1029,2,1975
3279,477,1,1966
2013,206,2,1979
2282,510,1,1985
1126,215,1,1988
1292,466,2,1981
2474,1046,2,1981
436,263,2,1984
2471,873,1,1984
555,629,1,1985
3463,129,1,1991
3941,981,2,1989
744,1934,1,1984
3945,414,1,1990
1262,543,1,1989
2707,792,2,1985
1119,955,2,1975
1872,977,1,1986
117,454,2,1954
2098,459,1,1953
512,416,1,1977
4453,691,1,1993
789,364,1,1966
2566,250,1,1991
1618,339,1,1983
2667,357,1,1989
2980,1258,1,1964
890,1218,1,1963
367,440,1,1989
1346,1293,2,1978
401,464,2,1989
4029,740,1,1971
3801,557,2,1981
4114,738,1,1969
3344,317,2,1977
61,206,1,1991
1246,204,1,1990
1285,309,1,1991
4055,947,2,1962
1088,411,1,1970
3029,121,1,1984
2460,1023,1,1979
1488,373,1,1984
859,643,2,1948
1418,2131,1,1988
2859,1613,1,1984
1382,251,1,1991
2957,253,1,1991
176,355,1,1981
2910,773,1,1984
1053,280,1,1989
1020,535,1,1989
1637,856,1,1984
187,154,1,1977
635,751,2,1974
394,788,1,1982
1798,138,2,1987
2726,733,1,1986
2866,916,1,1985
1660,1287,2,1987
4567,140,1,1986
3569,1034,2,1984
967,672,1,1986
590,392,1,1957
1073,343,1,1987
1625,1213,2,1981
2756,418,1,1974
1881,1260,1,1981
4630,312,1,1965
3424,262,1,1978
2547,578,1,1982
2738,1216,1,1956
1088,273,1,1970
1386,226,1,1950
552,918,1,1973
1556,389,2,1986
2366,387,2,1976
1008,451,2,1965
3589,422,1,1982
1971,506,1,1988
2048,340,1,1965
3146,1962,1,1990
1752,224,1,1986
584,562,1,1988
700,589,1,1989
2576,1120,1,1993
2681,931,1,1986
59,478,1,1966
2132,550,1,1984
4833,757,2,1972
2828,420,1,1975
2805,843,1,1982
1880,187,1,1982
3540,380,1,1991
2902,288,2,1993
506,577,2,1991
1681,638,2,1986
4644,581,1,1990
559,198,1,1958
1226,895,2,1982
2710,884,1,1985
2667,1210,1,1989
643,550,1,1991
2746,367,1,1961
1421,913,1,1955
3452,693,2,1986
2772,217,1,1981
1847,1570,1,1987
1953,464,1,1979
265,570,1,1976
1967,166,1,1989
2088,1250,1,1981
3892,1019,1,1986
2952,587,1,1956
1565,2268,1,1960
3019,319,1,1988
724,347,1,1995
331,2382,1,1988
1005,622,2,1991
2825,610,2,1990
583,1024,1,1979
1246,176,1,1990
1197,479,2,1988
3589,184,1,1991
87,460,2,1985
2667,259,1,1989
1422,1017,2,1986
2012,679,2,1985
1094,305,1,1991
2234,389,2,1993
2631,652,1,1992
2518,698,1,1989
304,718,2,1989
2393,733,2,1988
481,264,1,1983
2975,1079,1,1969
835,723,1,1987
3493,629,2,1982
2645,192,1,1995
2761,1509,1,1959
2335,315,1,1987
518,1115,2,1984
2212,4775,1,1964
1421,552,1,1955
124,2885,1,1980
1145,1459,2,1955
1923,634,2,1987
4071,614,2,1988
1798,133,2,1987
2920,267,1,1988
4583,570,1,1983
3565,594,2,1985
2191,376,2,1958
1971,488,1,1988
1524,709,1,1987
3776,1291,2,1988
3202,371,1,1983
947,472,1,1965
3463,227,1,1984
209,326,2,1969
2768,281,1,1987
1333,388,1,1948
2048,213,1,1988
1871,207,2,1991
1948,273,2,1983
3092,357,1,1979
1710,1467,2,1991
773,210,1,1988
1290,1461,2,1988
3779,1445,1,1983
1100,1508,1,1991
3195,290,1,1982
184,479,2,1961
1562,1157,1,1981
1225,158,1,1985
1091,990,1,1990
806,191,2,1983
1463,352,1,1987
476,454,1,1968
193,559,1,1960
3905,437,1,1964
2633,738,1,1991
1503,211,1,1987
390,1102,1,1953
1873,171,1,1975
1582,547,2,1987
720,700,1,1980
2234,282,1,1988
1556,1410,2,1986
1411,568,2,1986
4738,490,1,1986
2471,712,1,1984
1866,438,1,1989
2465,378,2,1989
2914,294,1,1990
1233,792,1,1987
124,512,1,1980
2705,524,1,1980
1847,636,1,1987
4721,3425,1,1977
2092,357,1,1990
1715,714,1,1979
427,919,2,1955
4262,560,1,1989
1359,671,1,1990
460,523,1,1970
2805,1363,1,1982
808,1472,1,1986
2597,183,1,1984
299,259,1,1991
61,414,2,1983
3726,114,1,1991
1271,939,1,1989
2815,1066,2,1986
1465,1054,2,1962
2917,1014,1,1950
367,1099,1,1989
1759,446,2,1983
2387,635,1,1984
2485,308,1,1972
3781,366,1,1990
2965,518,1,1987
3914,213,1,1990
2172,172,1,1972
2391,276,1,1988
1962,560,2,1989
2949,234,1,1970
1256,196,1,1986
2383,1682,2,1987
1242,412,1,1986
2471,410,1,1984
175,870,2,1988
2441,1859,2,1987
2990,817,1,1980
2726,2175,1,1986
1017,289,1,1987
1709,919,1,1962
2193,853,2,1992
2681,450,1,1986
1470,250,1,1983
1676,665,1,1991
83,497,1,1977
1627,1197,1,1966
3254,183,1,1982
3682,374,1,1985
2927,291,1,1992
1811,407,2,1985
4476,153,1,1977
909,512,1,1978
62,153,1,1984
2184,176,2,1972
1580,1003,1,1978
751,131,1,1984
3560,1008,2,1983
236,945,1,1987
4411,502,1,1986
827,258,1,1987
2902,307,2,1993
264,1088,1,1988
1752,1488,1,1986
2710,1730,1,1985
1226,1762,2,1982
3760,1189,1,1991
424,920,2,1989
2972,640,2,1969
3905,890,2,1984
2282,491,1,1985
3892,1774,2,1976
776,489,1,1992
1537,1063,2,1968
1094,1651,2,1984
572,828,1,1989
1736,272,1,1991
601,262,1,1992
1091,288,1,1975
838,749,1,1972
2870,734,2,1958
421,321,1,1986
24,204,1,1974
21,927,1,1989
4085,1185,2,1960
703,1415,1,1980
635,2763,2,1974
3297,821,1,1988
1742,1456,2,1986
1591,359,1,1975
2400,752,2,1982
2276,227,2,1989
774,1243,1,1960
2485,217,1,1981
1684,1244,2,1961
3821,1099,1,1985
1967,1150,1,1985
3945,200,1,1986
1814,203,1,1983
210,542,2,1990
1147,348,1,1983
395,309,1,1990
957,289,1,1988
2177,698,2,1964
3481,437,1,1988
1960,2528,1,1979
1106,254,1,1983
3146,766,2,1991
4033,643,2,1991
1996,1088,2,1981
4266,251,2,1989
954,288,1,1985
518,1846,2,1984
258,226,1,1976
2465,1427,2,1989
2547,675,1,1982
4237,1341,2,1966
724,839,1,1987
4815,330,2,1992
303,1453,1,1969
801,350,2,1985
641,1013,1,1979
2982,364,1,1974
2963,876,1,1987
311,1143,1,1987
590,345,1,1957
1297,682,1,1988
3344,231,1,1990
1879,187,1,1970
891,251,2,1991
1262,560,1,1989
2972,767,2,1969
1940,431,1,1993
1993,402,1,1992
401,388,2,1991
887,653,1,1985
3546,348,1,1978
2222,705,1,1986
73,235,2,1978
2805,1508,1,1982
367,243,1,1971
1187,1396,1,1981
3352,895,1,1983
446,497,1,1984
2219,327,1,1954
723,404,1,1960
2447,250,1,1987
3945,347,1,1986
1990,1125,1,1982
1226,277,2,1982
1556,366,1,1987
1465,1505,2,1962
2069,546,2,1981
2710,312,1,1985
2016,380,1,1953
3452,510,1,1986
345,976,2,1958
3819,973,1,1954
739,178,1,1983
1926,1328,1,1953
2278,129,1,1990
107,1160,2,1978
1562,1348,1,1968
1462,623,1,1949
3031,192,1,1965
421,170,1,1980
1484,662,1,1990
1091,382,1,1975
641,618,1,1979
2465,689,2,1989
2982,415,1,1974
1864,204,1,1982
1629,670,2,1986
4027,154,1,1991
2453,1166,2,1977
823,182,2,1990
1032,477,1,1960
857,439,1,1975
311,766,1,1987
1993,649,1,1983
3776,1207,1,1972
2278,119,1,1990
1768,354,2,1955
1078,1395,1,1963
2047,1211,2,1975
3787,1401,2,1962
1737,207,1,1971
345,609,2,1958
717,209,2,1983
3819,598,1,1954
2667,264,1,1988
2572,818,1,1977
242,1157,1,1980
1586,242,1,1979
176,213,1,1978
1742,1170,2,1986
2092,271,1,1983
518,1050,2,1984
4491,663,1,1990
261,967,2,1986
3369,226,2,1997
94,182,1,1980
1233,349,1,1989
555,1290,1,1959
394,404,1,1982
463,314,1,1990
1948,268,2,1983
590,1107,1,1957
907,544,1,1982
1879,383,1,1970
1556,796,1,1974
979,1171,1,1976
1106,341,1,1989
1122,300,1,1989
1629,310,1,1965
2450,473,1,1988
2678,443,1,1963
998,309,1,1987
4095,723,1,1976
1462,656,1,1949
1503,733,1,1987
1591,380,1,1989
2394,315,1,1990
2413,249,2,1988
1965,323,2,1990
425,523,1,1987
1599,531,2,1994
1025,1031,2,1970
2805,1193,1,1982
652,646,1,1954
3296,1300,1,1970
1017,320,1,1989
1641,727,1,1965
1418,367,1,1984
3813,230,1,1977
681,423,2,1991
3760,217,1,1986
1222,499,1,1991
444,92,1,1983
130,1332,2,1983
683,1227,2,1991
2193,126,2,1988
3905,1254,1,1981
1312,212,1,1987
217,391,2,1986
1627,1321,2,1951
2994,377,2,1965
180,457,1,1979
2447,441,2,1985
4812,840,1,1972
19,873,1,1980
117,776,1,1985
1742,569,2,1986
242,567,1,1980
2258,821,1,1972
2193,124,2,1988
4701,476,1,1984
2805,420,1,1982
80,374,1,1965
258,722,1,1988
4567,393,2,1955
1870,907,1,1986
2464,646,2,1994
4835,580,1,1953
193,496,1,1969
2350,1439,1,1953
2441,3054,2,1987
3232,739,2,1991
1185,403,1,1977
1455,893,2,1990
2465,1362,2,1989
550,615,1,1987
367,157,1,1971
1699,682,1,1984
683,312,2,1991
2549,182,1,1971
1386,585,1,1981
673,294,1,1984
2896,712,1,1988
2732,508,2,1967
611,1317,2,1982
3730,584,1,1988
2368,879,2,1992
261,186,1,1989
2172,269,2,1980
3044,816,1,1988
390,376,1,1973
686,644,2,1988
1545,867,1,1987
440,480,1,1960
1017,512,1,1991
3847,472,1,1985
171,315,1,1987
2911,762,1,1986
641,1011,1,1979
1565,551,1,1983
2478,908,2,1980
2077,430,2,1980
2681,487,1,1986
247,1058,2,1991
1324,205,1,1984
290,1110,1,1989
784,519,1,1983
652,267,1,1984
2963,1258,1,1991
1313,195,1,1986
378,250,2,1986
1879,424,1,1970
2949,273,1,1970
697,1898,2,1975
671,716,2,1987
874,583,2,1983
2290,299,1,1990
534,1411,2,1975
549,650,2,1983
4173,248,1,1989
1295,372,1,1974
1299,1255,1,1987
1050,690,1,1990
1491,260,2,1958
2374,745,2,1978
4244,1095,1,1975
3892,239,1,1984
2347,466,1,1988
2195,433,1,1966
2350,178,1,1972
3748,99,1,1985
235,127,1,1979
3352,971,1,1971
2896,544,2,1966
2226,285,1,1985
4095,665,1,1976
2917,378,2,1988
4695,356,1,1958
1650,410,2,1986
1588,1080,2,1992
1967,431,1,1992
3599,304,1,1983
847,1770,2,1986
2818,1189,1,1991
2042,267,1,1989
4085,993,2,1977
792,268,1,1993
3097,567,1,1965
1627,269,1,1990
1018,1186,2,1988
1292,183,1,1985
665,1266,1,1984
2605,155,1,1971
3110,398,1,1989
2088,500,1,1989
4644,885,1,1977
1980,271,1,1942
2633,673,1,1991
1897,400,1,1988
2045,1727,1,1974
1561,185,1,1979
2035,609,2,1989
2921,614,1,1981
1089,1117,1,1984
1773,366,1,1980
1801,1618,1,1988
2696,194,1,1981
768,396,1,1973
2746,876,1,1961
2986,147,1,1983
462,355,1,1989
1058,218,1,1977
333,354,2,1979
1080,349,1,1970
390,1057,1,1951
696,383,1,1974
424,893,1,1992
4266,188,2,1989
848,445,1,1990
406,830,1,1975
469,523,2,1990
4630,227,1,1992
206,701,1,1990
3925,266,1,1984
2224,462,2,1988
2177,713,2,1964
351,1087,2,1978
1176,414,2,1993
1494,328,1,1954
624,174,1,1995
239,1797,1,1986
1923,216,2,1988
2972,141,1,1979
4635,208,1,1991
1140,815,1,1963
3930,972,2,1990
1967,579,1,1992
2381,823,1,1985
2366,853,2,1985
4721,943,2,1988
95,1082,2,1992
1575,1018,1,1986
2625,955,2,1985
378,1885,2,1986
1324,884,1,1984
27,1063,2,1988
