609,1045,1,1993
1207,1035,1,1993
4369,1166,1,1988
2703,1348,2,1992
3828,1101,1,1987
4377,199,1,1984
3115,439,1,1984
2489,239,1,1990
4711,271,1,1994
4369,564,1,1988
3828,523,1,1987
5029,166,1,1995
1735,282,1,1982
3037,481,1,1960
5037,220,1,1986
3524,333,1,1993
5148,675,2,1982
1400,923,1,1972
2099,99,1,1985
3409,580,1,1988
4015,1403,1,1984
1054,276,2,1993
1877,537,1,1989
1251,200,1,1989
4056,643,1,1980
5153,676,1,1961
1487,129,1,1961
1168,1287,1,1991
4670,322,1,1991
2217,674,1,1960
3727,582,1,1959
1650,508,1,1957
3815,618,1,1986
574,1147,1,1956
2703,402,1,1986
1354,1088,1,1964
3745,406,2,1992
1735,642,1,1982
961,766,1,1983
2819,644,1,1953
2130,1331,1,1985
1735,87,1,1982
4056,1081,1,1980
1360,281,1,1983
13,1134,2,1986
3804,162,1,1993
1171,891,1,1990
124,1129,1,1974
1302,334,1,1989
3292,429,1,1953
4443,963,1,1982
3491,1184,1,1966
1958,1101,1,1985
992,185,1,1986
3715,364,2,1991
3737,1381,1,1960
2198,1128,1,1976
3028,346,1,1985
2147,406,1,1990
4610,196,1,1985
214,162,1,1967
1553,786,1,1982
2043,344,1,1987
1736,330,2,1980
1080,847,1,1985
3257,1039,2,1985
4377,700,1,1988
560,421,1,1970
5057,935,1,1966
1453,390,2,1989
2404,771,1,1979
636,214,1,1981
1735,1084,1,1982
159,301,1,1992
578,240,1,1986
4656,326,1,1980
451,517,1,1987
3969,181,1,1992
1239,1072,1,1991
1036,366,1,1974
1027,576,1,1990
4492,439,1,1996
4680,1387,1,1991
3240,847,1,1991
4589,296,1,1985
140,875,1,1987
196,324,1,1987
2243,607,1,1973
3568,639,2,1973
1854,370,2,1992
1696,511,1,1996
2217,1448,1,1987
2565,1956,1,1987
4050,231,1,1985
4363,584,1,1972
788,745,1,1976
1578,307,1,1994
3602,568,1,1992
621,236,1,1982
2003,201,1,1987
206,177,2,1989
1344,1035,2,1983
3240,89,1,1989
4347,285,1,1984
1301,674,2,1984
1793,552,2,1981
1815,1035,1,1986
440,443,1,1967
3939,457,1,1967
2390,876,1,1980
5009,768,1,1990
1943,238,2,1990
1027,420,1,1990
446,704,2,1993
2121,1110,1,1989
886,150,1,1986
1349,384,1,1957
2054,321,1,1984
3738,1484,1,1989
3775,436,1,1987
1828,1254,1,1993
3962,500,1,1988
827,206,1,1990
1671,323,1,1987
3240,271,1,1992
584,389,1,1984
5138,379,1,1990
3887,409,1,1990
2480,621,1,1991
2745,294,1,1990
4039,878,1,1985
4124,959,1,1958
1021,294,1,1986
574,369,2,1983
451,1395,1,1987
4546,264,1,1969
215,121,1,1988
180,1321,1,1987
2400,811,1,1988
1422,86,1,1979
1508,1223,1,1991
4089,247,1,1984
4186,583,1,1982
1222,728,1,1969
3151,338,1,1971
6,189,1,1994
5061,583,2,1989
3542,406,1,1993
4317,592,2,1991
1347,1126,2,1974
530,578,2,1961
2103,1198,1,1961
2741,305,1,1974
1288,340,2,1966
990,617,2,1977
4446,489,1,1979
3569,1589,2,1976
2693,463,1,1985
5035,1763,1,1981
1996,589,1,1991
1075,285,2,1989
1329,290,1,1989
1736,1346,1,1988
4742,113,1,1988
2128,263,2,1976
2568,350,1,1978
3454,405,1,1991
4407,684,2,1983
1330,1600,1,1967
2381,948,2,1985
5151,404,1,1996
3103,1177,1,1986
2055,1446,1,1993
465,426,1,1986
4133,342,1,1986
2243,369,1,1991
4029,263,1,1989
2884,935,1,1994
3989,923,1,1968
2441,1123,1,1953
3328,572,1,1990
793,481,1,1987
50,1112,1,1985
1333,255,1,1988
1461,425,1,1992
4585,346,1,1989
446,288,1,1969
4392,1205,1,1986
4540,698,1,1985
2614,1214,2,1984
1638,697,1,1986
5359,151,1,1989
2507,141,2,1989
327,782,1,1977
2483,559,1,1960
3709,455,1,1990
4060,577,1,1984
50,384,1,1985
48,762,2,1988
1251,319,1,1980
3407,667,1,1971
4063,548,1,1982
4443,246,1,1984
419,1131,1,1980
4634,653,1,1992
3394,820,1,1987
4606,339,2,1991
3447,594,1,1987
589,272,1,1976
428,1078,1,1991
4580,396,1,1968
648,977,1,1990
3896,239,1,1987
1995,338,2,1989
3045,416,1,1986
1510,319,1,1986
3088,199,2,1985
5137,404,1,1981
526,259,2,1977
3989,779,1,1968
5040,542,1,1984
2132,1502,1,1982
2441,769,1,1953
1996,1088,1,1991
1354,1053,2,1989
2748,277,1,1990
4724,1249,2,1987
2920,212,1,1987
2140,683,1,1988
1793,838,2,1981
2308,507,1,1988
2859,437,1,1984
1963,537,1,1982
3911,601,1,1993
152,585,1,1993
2952,460,1,1975
5075,1152,1,1987
3895,1154,2,1987
2986,371,2,1989
2750,804,1,1992
5244,351,1,1993
598,654,1,1986
4656,527,1,1982
2614,748,2,1984
4392,764,1,1986
4309,971,2,1987
140,667,1,1988
30,529,1,1991
1257,937,1,1966
5163,1083,2,1989
4239,1058,1,1990
4636,531,1,1987
1437,579,1,1984
3196,296,1,1982
2431,208,1,1982
3246,536,1,1978
1294,1049,1,1981
3113,999,1,1969
2423,698,2,1973
3961,341,1,1981
1041,486,1,1976
5148,123,1,1984
419,905,1,1980
2549,216,1,1988
2392,523,2,1992
1801,414,1,1986
4656,191,1,1987
3895,608,2,1987
525,301,1,1984
5338,281,2,1984
3845,345,2,1963
5075,628,1,1987
3754,916,1,1989
484,416,2,1983
1917,438,1,1980
2200,548,1,1987
2538,418,1,1986
1885,263,2,1967
3317,569,2,1955
1983,269,1,1990
2599,385,1,1989
4626,1065,1,1988
27,164,1,1986
4386,1424,1,1990
2003,585,1,1988
2663,119,2,1993
390,729,1,1994
1996,1095,1,1991
5355,1104,1,1993
2549,163,1,1987
434,335,1,1992
140,779,1,1988
70,519,1,1992
3928,1068,1,1979
3590,820,2,1990
1487,251,1,1961
4589,260,1,1986
3995,997,1,1991
2765,196,1,1958
1943,544,1,1994
346,752,1,1987
1170,492,1,1985
2936,692,1,1993
4717,544,1,1988
2750,677,1,1992
3180,1459,1,1956
2198,522,1,1972
4352,1469,1,1980
3669,373,1,1994
4421,769,2,1992
5319,768,1,1991
2132,1358,1,1982
1233,181,1,1990
3523,564,1,1981
3709,1060,1,1951
2784,147,1,1975
3656,1346,1,1984
1519,350,1,1978
1887,596,1,1991
440,871,1,1989
1921,326,1,1979
4022,207,2,1981
5295,2536,1,1994
83,1500,2,1984
816,175,1,1990
4158,545,1,1992
3727,301,1,1987
3885,192,1,1980
5001,459,2,1972
4580,474,2,1993
2080,826,1,1983
2777,1055,1,1976
2336,257,1,1986
2114,585,1,1968
2399,591,2,1987
1478,788,1,1974
3837,709,2,1979
1168,1155,1,1990
1215,320,1,1984
3754,827,1,1989
419,1015,1,1980
4111,235,2,1987
3507,787,1,1984
526,690,1,1969
396,409,1,1981
3278,1102,1,1954
729,1092,2,1978
1302,336,1,1989
1912,596,1,1984
4661,247,1,1989
2578,1193,2,1986
3154,716,1,1994
4285,1127,2,1980
1128,577,2,1989
5064,578,1,1988
2510,1221,2,1986
30,232,1,1983
1847,199,2,1985
2625,256,1,1989
3103,326,1,1991
1120,1321,1,1989
2478,1085,1,1982
323,810,1,1992
2217,541,1,1952
2431,1007,1,1982
5182,519,1,1986
2674,256,1,1970
3196,787,1,1988
2154,164,1,1989
140,1031,1,1988
737,393,2,1990
789,385,1,1990
1455,517,1,1960
5338,280,1,1952
2354,349,1,1974
846,1304,2,1992
3379,216,1,1989
1421,994,1,1986
4739,577,1,1988
5075,1540,1,1987
3895,1509,2,1987
3756,1779,1,1992
1463,332,2,1987
301,340,1,1992
3648,1831,1,1970
27,321,1,1986
3103,436,1,1983
4404,784,1,1981
3924,767,2,1977
2768,279,1,1993
3360,913,1,1988
535,561,1,1963
3954,728,1,1982
2128,329,1,1979
581,695,1,1987
3978,462,1,1984
938,1073,2,1981
1972,87,1,1989
2507,181,1,1996
3479,464,1,1988
3352,567,1,1986
1041,490,2,1993
746,682,1,1992
2229,282,1,1978
315,341,1,1987
3613,737,1,1986
3312,833,2,1986
419,1147,1,1980
3154,255,1,1994
4655,637,1,1956
3924,199,1,1987
5030,594,1,1981
1802,248,1,1988
472,767,1,1990
1394,760,1,1993
3196,841,1,1988
2688,1318,1,1991
1527,817,1,1990
656,892,2,1983
4579,500,1,1981
2130,1235,1,1985
249,431,1,1963
3108,826,1,1995
3342,927,1,1981
4458,729,1,1988
1756,851,1,1980
1137,559,2,1987
2852,1822,2,1995
1021,1837,1,1994
2395,1589,1,1982
2765,1928,1,1958
1262,1236,1,1964
5295,1690,1,1994
447,526,1,1986
2424,325,1,1985
2959,457,2,1985
999,200,2,1982
2724,495,1,1983
5061,632,1,1988
3575,608,1,1980
2345,254,1,1971
3396,788,1,1987
1215,326,1,1984
967,590,1,1985
5151,261,1,1995
205,372,1,1994
1208,1510,1,1965
3233,978,1,1977
3122,735,1,1986
1218,712,1,1985
120,1232,1,1979
2918,62,2,1980
4440,445,1,1956
5009,678,1,1990
322,503,1,1964
90,854,1,1969
3876,145,1,1964
2158,562,1,1987
4655,559,1,1956
3961,493,1,1986
3512,569,1,1986
4061,493,1,1990
2683,594,2,1988
1848,508,1,1940
1584,306,1,1989
1304,762,2,1989
1205,769,1,1989
2098,420,1,1958
5328,676,1,1988
2086,1038,1,1992
1993,114,1,1987
4717,781,2,1987
4377,398,2,1994
756,494,1,1987
1745,315,2,1958
1931,339,1,1991
893,413,1,1985
1921,581,1,1984
2149,410,1,1990
886,687,1,1988
5059,1614,1,1976
3380,1161,1,1963
2947,691,1,1989
1887,451,2,1982
3257,438,1,1986
5338,209,1,1952
1762,851,1,1960
860,652,1,1982
4159,481,2,1984
968,940,1,1977
4723,869,1,1988
3547,954,1,1992
1382,884,2,1992
2243,342,1,1991
4239,632,1,1980
5012,912,1,1992
4020,455,1,1993
1128,1025,2,1987
3316,189,1,1982
1333,388,2,1979
1222,593,1,1990
1895,462,1,1991
4201,623,1,1971
4674,354,1,1984
696,477,1,1992
2370,667,1,1975
1405,151,2,1986
3654,525,1,1988
4805,1240,2,1984
5366,754,1,1978
3978,1334,1,1984
2112,438,1,1984
1875,1200,1,1978
5138,1535,2,1991
1865,464,2,1944
4703,319,1,1990
2386,470,1,1989
5339,900,2,1990
1756,942,1,1980
776,1297,1,1991
3195,1308,2,1992
542,781,1,1993
2631,143,1,1990
3523,464,1,1981
703,92,1,1978
1479,230,1,1985
5030,380,1,1985
1437,448,1,1978
4776,346,1,1988
5023,388,2,1962
432,113,1,1963
1263,1695,2,1987
5040,790,1,1988
1580,1263,1,1984
2496,13269,1,1972
3995,177,1,1980
4214,813,1,1993
5138,193,2,1991
340,317,2,1987
1335,454,1,1975
2441,1138,2,1989
4561,767,1,1965
3052,244,1,1981
3054,94,2,1987
3093,632,1,1983
5075,1801,1,1987
3756,1811,1,1992
2782,857,2,1987
3276,250,2,1982
744,911,1,1985
4592,1336,2,1986
3890,476,2,1990
3533,1389,1,1990
3207,138,1,1984
3444,583,1,1990
150,145,1,1982
3314,1087,1,1989
534,551,2,1967
4703,314,1,1990
1463,413,2,1987
3299,218,1,1971
3305,665,1,1987
2657,280,1,1968
1829,886,1,1983
1943,1143,1,1979
4440,1151,1,1956
3351,264,1,1972
5030,298,2,1977
5359,174,1,1963
1995,364,1,1987
301,520,1,1992
2481,710,1,1984
79,253,1,1983
3799,708,1,1972
3559,1101,1,1989
5064,973,1,1989
4645,1411,1,1987
756,321,1,1984
3547,328,1,1992
1468,900,1,1988
2242,558,1,1972
744,218,1,1983
1762,1008,1,1960
4646,833,1,1975
2483,573,2,1987
1405,147,2,1986
2541,238,1,1990
5035,244,1,1981
834,333,1,1994
401,1039,1,1988
827,2033,1,1974
860,655,1,1987
3019,302,2,1986
4993,389,1,1991
1943,309,1,1984
3085,419,1,1991
643,250,1,1991
710,453,1,1986
584,2191,1,1990
4656,1019,2,1984
2789,921,1,1969
2568,1430,1,1974
4047,1205,1,1962
4674,324,1,1984
4192,455,1,1965
1496,810,2,1990
3489,1607,2,1983
3144,228,1,1997
4790,529,1,1974
2354,263,1,1992
1875,419,1,1987
5487,559,1,1994
479,155,1,1988
262,384,1,1990
1846,366,1,1973
189,1887,2,1992
548,838,1,1988
607,218,1,1987
4440,644,1,1956
2103,1924,2,1990
2222,770,1,1975
2343,342,2,1988
231,434,1,1989
1382,1447,2,1992
999,304,2,1985
2424,205,1,1981
3454,182,1,1989
565,524,1,1985
4723,1485,1,1988
5137,142,1,1990
3442,1583,1,1989
4426,353,1,1990
3379,408,1,1988
3945,554,2,1982
3146,66,2,1980
1527,595,1,1988
2181,147,1,1978
2441,1171,2,1989
4459,360,1,1981
1616,234,1,1985
415,474,1,1951
2449,946,1,1992
2865,397,1,1984
1523,375,1,1967
5055,502,1,1984
231,209,2,1984
4697,376,1,1984
236,542,1,1971
5356,113,1,1989
3799,323,1,1977
4801,862,1,1988
1029,979,1,1964
4603,610,1,1992
5349,583,2,1992
3092,683,1,1986
2392,1231,2,1992
4410,521,1,1981
1321,365,1,1989
4047,461,1,1998
3395,185,2,1984
1128,1304,2,1987
1036,940,1,1987
1137,404,2,1987
1879,730,1,1987
3525,398,1,1984
3396,427,1,1988
3360,1313,1,1988
1479,551,1,1983
384,743,1,1988
1463,1193,2,1987
2893,484,1,1989
4325,926,1,1983
1539,910,1,1969
3111,428,1,1981
911,378,1,1981
1530,397,2,1988
1335,119,1,1975
1205,810,1,1973
3338,397,1,1980
214,542,2,1985
3435,1777,2,1987
2336,765,1,1986
3373,1257,1,1976
4176,555,1,1985
908,841,1,1985
4512,732,1,1987
401,514,1,1991
1762,1174,1,1960
2630,141,1,1993
909,272,2,1983
3619,438,1,1984
896,643,1,1990
4397,710,1,1987
3247,1199,1,1975
607,211,1,1987
4253,791,2,1989
301,1460,1,1992
5061,1108,2,1984
4094,173,1,1991
843,771,1,1989
3775,100,1,1985
4059,181,1,1984
1319,437,1,1976
3422,1264,1,1993
4133,1245,1,1969
4214,1183,2,1991
657,166,2,1991
534,1028,1,1983
3924,486,1,1982
3799,585,1,1969
3551,424,1,1981
3940,255,1,1986
2370,169,1,1988
2960,529,2,1995
3878,290,2,1992
4485,897,1,1978
1047,631,1,1989
3027,441,1,1987
2163,341,1,1975
766,362,2,1975
1144,1039,1,1971
3589,887,2,1979
3643,679,1,1994
4613,1083,1,1977
2865,514,1,1992
3380,684,1,1989
3094,234,1,1972
2922,236,1,1986
1205,212,2,1985
1382,466,2,1991
3831,273,2,1992
2292,292,1,1987
650,124,1,1976
881,243,2,1989
2449,1104,1,1992
487,421,1,1982
5173,509,1,1990
2789,1192,1,1969
4410,361,1,1973
3942,2307,1,1995
828,502,1,1977
3623,870,1,1988
4422,576,1,1966
3092,1038,1,1986
1491,400,2,1991
43,455,1,1967
5012,356,1,1992
1659,145,1,1980
2034,645,2,1981
1972,79,1,1989
1875,254,1,1991
1357,1017,1,1968
343,2656,2,1987
863,476,1,1986
2525,1013,1,1985
4015,1136,1,1970
2039,423,1,1976
4331,560,2,1991
4216,1336,2,1966
2392,1165,2,1992
908,738,1,1985
4047,577,1,1998
1208,1547,1,1965
4810,801,1,1967
3120,428,2,1985
3391,1245,2,1989
2169,504,1,1988
1337,226,1,1991
3908,411,1,1984
1007,515,1,1982
711,1089,2,1982
2051,677,1,1983
3816,263,1,1989
70,239,1,1993
2599,336,1,1989
1099,651,2,1981
1400,744,1,1976
3360,644,1,1983
432,781,2,1984
4803,307,1,1983
6,324,1,1994
1859,1852,2,1990
4113,365,1,1979
5161,316,1,1990
1785,334,1,1994
3233,1109,1,1970
860,697,1,1962
2789,368,1,1969
1748,394,1,1988
3727,317,1,1987
4530,353,1,1987
3113,1012,1,1973
4084,504,1,1972
3520,1672,1,1960
458,228,1,1979
5063,418,1,1983
4584,434,1,1991
5173,321,1,1989
2633,1820,2,1993
2928,576,1,1981
4599,383,2,1977
1749,217,1,1953
70,225,1,1992
4430,1282,1,1990
3338,1079,1,1988
1701,938,1,1983
1059,921,1,1986
3299,567,1,1986
4747,384,1,1962
5150,617,1,1965
5348,301,1,1986
53,177,2,1993
287,172,1,1982
3994,1034,1,1985
4024,338,1,1993
2873,2240,1,1982
4174,440,1,1976
853,1439,2,1967
2749,310,2,1960
5063,165,1,1965
5316,460,1,1987
4148,884,1,1986
776,292,2,1984
2392,537,2,1992
4361,926,1,1985
2897,649,1,1994
1444,272,1,1984
4718,1252,1,1985
1491,263,1,1987
458,80,1,1979
4056,399,1,1971
2724,664,1,1989
3148,1279,2,1986
3269,469,1,1990
1920,1587,2,1965
3479,1523,1,1984
559,1811,1,1973
2865,443,2,1983
1778,422,2,1980
4446,565,1,1979
2768,690,2,1983
3219,624,1,1978
1337,199,1,1991
3128,822,1,1983
3986,596,2,1982
2688,790,1,1965
3157,1023,1,1990
1448,356,1,1955
2885,429,1,1992
1251,381,1,1987
5063,140,1,1965
4770,1258,1,1954
3794,578,1,1989
2086,416,1,1970
3133,464,1,1982
2294,991,1,1976
2181,780,2,1980
4253,848,2,1989
947,831,1,1988
497,1305,1,1978
4179,465,1,1987
1404,382,1,1989
5242,399,1,1975
3571,1007,2,1968
924,686,1,1981
2308,173,1,1971
673,197,1,1987
2607,752,1,1992
3831,1261,2,1992
1405,158,1,1995
1639,1397,1,1991
3139,1283,2,1992
4648,1400,2,1991
2599,267,1,1980
3264,955,1,1993
4397,370,1,1987
1137,487,2,1987
585,881,1,1990
1631,480,2,1989
2788,460,1,1988
2043,869,1,1978
2316,559,2,1991
1379,410,1,1961
5024,720,2,1983
777,491,1,1983
4792,301,1,1991
53,249,2,1993
4133,357,1,1959
1119,1229,2,1977
1338,719,1,1988
1491,178,1,1965
4485,887,1,1989
3524,565,1,1981
5161,246,1,1995
1239,1344,1,1987
2381,328,2,1975
718,1047,1,1978
392,314,1,1969
1787,408,1,1981
4020,535,2,1991
4725,270,1,1969
3351,2558,1,1972
3932,1536,1,1981
1871,315,1,1965
340,352,1,1957
1828,1525,1,1989
4406,280,2,1988
2606,1138,2,1951
2773,833,1,1991
4089,352,1,1960
4440,1553,2,1991
3391,955,2,1985
3354,538,1,1948
1480,492,2,1981
2051,951,1,1988
2763,449,1,1987
2114,932,1,1965
2392,178,1,1984
4662,1424,1,1990
2292,981,1,1988
1245,1442,2,1991
4148,688,1,1986
4177,996,1,1971
636,556,1,1991
1100,1053,1,1992
1792,1956,1,1987
4140,405,1,1983
1105,514,1,1990
2938,428,1,1987
3643,252,1,1988
3623,149,2,1995
3108,164,1,1995
1302,347,1,1982
1748,1246,1,1988
624,1329,2,1964
1341,489,1,1986
4530,1252,1,1987
2756,441,2,1995
4810,266,1,1991
3143,388,1,1990
4023,1485,1,1982
4397,320,1,1965
711,680,2,1982
3581,330,2,1991
552,958,2,1992
2146,1529,1,1970
2546,959,1,1960
412,982,2,1990
3918,963,1,1969
1573,659,1,1987
2691,2580,1,1987
4029,328,2,1991
3045,324,1,1991
559,668,1,1973
2657,1516,1,1986
3509,790,1,1989
4460,868,1,1987
2233,1664,2,1984
5338,853,1,1987
4133,264,2,1990
2300,473,1,1990
4440,245,1,1989
1996,600,1,1989
1785,303,1,1994
6,308,1,1994
5369,925,1,1981
3992,704,1,1972
5023,809,2,1986
3591,621,1,1958
3786,1370,1,1989
3550,235,1,1988
1342,837,1,1977
2928,363,1,1966
2986,530,2,1989
2372,116,1,1982
129,290,1,1986
1697,242,1,1995
3189,783,1,1997
3983,392,2,1991
1400,788,1,1976
5072,911,1,1993
1828,242,1,1973
5346,1134,2,1985
933,273,2,1978
3705,964,2,1991
4056,606,1,1971
4215,683,1,1984
30,412,2,1992
1652,777,2,1984
2074,774,1,1979
2612,578,2,1970
2443,1020,1,1991
1499,1044,2,1991
5346,84,2,1985
2343,363,2,1988
2386,570,1,1989
4060,1166,1,1983
3219,988,1,1978
4062,833,1,1981
1251,357,1,1991
2164,473,1,1986
4427,1851,1,1983
4785,422,2,1987
2369,222,1,1989
3590,482,1,1982
1823,546,1,1978
3533,1178,1,1991
6,245,1,1994
1785,265,2,1994
1545,265,1,1991
968,354,1,1986
3139,965,2,1992
3831,1017,2,1992
140,1371,1,1981
788,833,1,1983
2518,384,2,1978
4085,227,1,1989
4115,429,1,1984
4648,1013,2,1991
5029,304,1,1984
1134,980,1,1918
3776,571,2,1987
2433,185,1,1985
589,398,1,1987
1319,159,1,1992
1639,1059,1,1991
1104,1188,1,1996
3264,109,2,1993
2625,1083,1,1983
354,900,1,1985
222,1536,2,1985
3670,344,1,1992
5055,531,2,1991
5051,1002,1,1985
3794,169,1,1985
3092,442,1,1989
1366,682,1,1966
2250,703,1,1980
1832,340,1,1978
673,179,1,1990
877,186,1,1993
5339,523,1,1990
2192,253,1,1951
759,1224,1,1981
98,296,1,1988
2148,393,1,1991
5302,1267,1,1985
862,385,1,1982
1655,262,2,1982
1052,468,1,1984
975,468,1,1995
1382,1095,1,1951
338,201,1,1996
4176,526,1,1985
214,530,2,1985
5173,281,1,1988
643,509,2,1986
776,486,1,1984
5045,942,1,1964
3550,572,1,1994
896,1082,1,1985
619,813,1,1990
170,186,1,1982
1059,522,1,1980
4795,319,2,1990
4406,599,1,1963
4723,863,1,1993
188,223,1,1992
4719,982,1,1985
5031,159,1,1987
1100,681,1,1992
332,411,2,1991
3027,655,1,1993
180,473,2,1991
2658,2163,1,1986
3394,858,1,1987
3360,878,2,1988
3374,371,2,1980
5061,210,1,1986
604,338,1,1986
5009,548,1,1990
728,182,1,1988
2098,348,1,1958
2438,257,1,1992
559,254,1,1973
2634,619,2,1986
3085,840,1,1991
5151,322,1,1991
1963,440,1,1982
3792,347,1,1990
2019,970,1,1972
685,3030,2,1988
1846,429,1,1972
428,226,1,1987
580,560,1,1991
5376,204,1,1960
3454,350,2,1991
3669,3128,2,1987
534,1165,1,1983
4561,1200,1,1965
2367,731,2,1983
748,230,1,1976
5032,722,1,1976
2418,433,2,1994
2237,401,1,1983
4613,404,1,1970
397,274,1,1986
4810,316,1,1991
2352,490,1,1978
1408,232,2,1986
294,192,1,1988
129,623,1,1986
1642,550,2,1983
4000,603,1,1977
4176,433,1,1984
4731,287,1,1982
3781,455,1,1989
4134,463,1,1982
3447,785,1,1987
2105,704,1,1983
1428,4824,1,1979
1878,821,2,1992
4325,925,1,1977
3276,228,1,1985
2773,537,1,1984
3932,1691,1,1981
111,459,1,1977
3520,483,1,1973
788,965,1,1983
3509,270,1,1981
896,631,1,1985
5073,655,2,1971
262,619,1,1987
1546,1590,1,1991
4742,274,1,1982
1403,476,1,1983
1808,194,1,1982
1341,667,1,1990
3586,265,1,1985
1774,477,1,1982
1345,282,1,1981
443,646,1,1986
5138,285,1,1985
388,128,1,1987
4118,860,1,1991
3107,904,2,1989
4987,1405,1,1992
589,382,1,1990
3085,322,1,1991
5341,722,1,1976
3269,734,1,1964
3122,1417,1,1993
1144,247,1,1986
2011,343,1,1988
782,420,2,1968
1377,1249,1,1984
1960,783,2,1984
4533,338,1,1994
5072,1155,1,1993
636,556,1,1991
2161,432,2,1970
1404,524,1,1989
1468,499,2,1986
87,282,2,1988
3233,987,1,1989
343,870,1,1986
2372,1540,1,1982
877,373,1,1988
3219,1342,1,1978
4062,704,1,1965
2095,1059,2,1986
1319,650,1,1981
1989,1319,1,1988
1100,768,1,1992
863,508,1,1981
599,293,2,1989
30,1442,2,1992
1337,551,1,1982
3528,387,1,1987
1205,215,1,1986
5055,308,1,1993
2610,467,2,1989
3686,1059,1,1961
340,409,1,1992
2599,872,1,1988
2231,682,2,1993
3338,1454,2,1991
2443,1477,1,1991
1499,1452,2,1991
1254,516,1,1992
1776,614,1,1983
4003,490,1,1986
5309,500,1,1984
2150,1272,1,1980
2149,415,2,1982
3653,279,1,1980
2922,293,2,1985
3794,277,1,1985
1369,2056,1,1980
3695,665,1,1975
211,250,1,1978
4313,172,1,1990
4306,249,1,1992
3648,1249,2,1986
5142,612,1,1966
3052,1135,1,1989
913,764,1,1982
3581,299,1,1991
1934,503,2,1979
3141,844,1,1986
4271,295,2,1979
2062,1719,1,1980
4253,267,1,1990
3591,1562,1,1968
828,1081,2,1983
3711,839,1,1962
4512,552,1,1986
1134,1481,1,1918
3636,482,2,1950
2525,946,1,1989
3307,1192,1,1970
1716,970,2,1985
4687,380,2,1992
1573,725,1,1982
2701,691,1,1962
4542,1589,2,1978
776,1210,2,1964
855,243,1,1971
3247,391,1,1986
4063,313,2,1988
4000,478,2,1976
3090,609,1,1966
648,555,1,1986
5009,372,1,1970
1402,622,2,1985
3314,1581,2,1988
644,571,1,1985
4987,267,1,1992
2960,422,2,1995
2614,215,2,1991
1496,1176,2,1984
2765,5272,1,1958
180,265,2,1991
2149,241,2,1982
3269,381,1,1984
1652,435,1,1988
3683,526,1,1979
656,895,2,1983
777,809,1,1991
2485,424,1,1987
1333,608,1,1987
4557,1010,1,1977
2399,681,2,1987
4355,435,1,1983
1958,213,1,1991
1144,497,2,1985
2274,252,1,1982
129,277,1,1986
4050,497,1,1977
4498,752,2,1985
2541,696,1,1977
1031,642,2,1986
818,275,1,1988
5138,165,1,1988
90,432,1,1984
4469,1272,2,1987
1546,417,1,1960
3520,238,1,1973
1288,1184,1,1990
1527,183,1,1982
3792,515,1,1985
4024,290,1,1993
4426,857,1,1997
2135,234,1,1990
2952,976,1,1972
4286,1662,1,1985
4133,753,2,1990
685,1179,2,1992
1758,804,1,1960
5022,799,1,1980
4636,808,1,1979
3940,160,2,1990
2237,1302,1,1983
3664,1101,1,1980
3197,1217,2,1987
4740,317,2,1988
1119,341,2,1975
163,347,1,1968
5242,337,1,1984
4718,798,1,1984
4277,1401,1,1977
111,523,1,1977
1377,888,1,1984
776,476,1,1962
3194,1496,1,1992
1787,182,2,1985
4674,471,2,1984
1902,354,2,1994
4623,656,1,1989
582,232,1,1957
1818,1223,1,1990
2634,867,1,1971
4134,316,1,1980
5341,703,1,1976
2508,2115,1,1978
559,495,1,1989
136,1807,1,1985
3781,851,2,1965
1858,1456,1,1989
4170,346,1,1981
1792,744,1,1985
3489,1171,1,1993
5073,838,2,1982
3122,526,1,1972
211,225,1,1985
2136,1107,1,1982
2429,1108,1,1985
2980,303,1,1989
4375,540,2,1983
3374,1230,1,1983
196,653,1,1982
5308,1275,1,1993
4104,426,1,1981
3234,221,1,1974
465,925,1,1976
5142,559,1,1984
4665,470,1,1989
2489,280,1,1989
5173,212,1,1988
1341,676,1,1990
2374,975,1,1986
2799,897,1,1987
2301,1131,1,1989
2791,472,1,1987
5178,333,1,1964
2641,655,1,1977
3027,987,2,1986
2323,702,2,1990
1902,232,1,1994
123,374,1,1967
3264,1162,1,1991
3402,345,1,1987
1776,833,1,1992
4522,1021,1,1986
2770,267,1,1976
4406,655,2,1978
4129,538,1,1987
3881,465,2,1991
2546,930,1,1985
1760,323,1,1981
4719,1149,1,1973
3793,602,2,1992
416,1238,2,1991
4584,796,1,1960
766,746,2,1991
2688,281,2,1961
5150,709,1,1965
397,222,1,1986
487,760,1,1990
2330,230,1,1980
4774,250,1,1992
545,581,2,1984
4085,168,1,1989
2173,492,1,1960
2909,669,1,1960
5137,250,1,1982
3311,731,1,1987
319,90,1,1984
5029,443,1,1968
2042,534,1,1981
30,1366,2,1992
5505,971,1,1985
214,985,2,1987
3245,1384,1,1988
1491,915,1,1984
4262,939,1,1993
3559,1344,1,1989
2086,549,1,1992
118,570,1,1980
2369,979,2,1990
4074,825,2,1987
2960,634,1,1983
560,971,2,1986
4657,1054,1,1984
68,533,2,1986
759,914,1,1990
1806,167,1,1974
4519,317,1,1975
2156,642,1,1992
3774,826,1,1992
340,768,1,1992
188,1010,1,1984
300,148,2,1979
2805,426,1,1978
1990,864,1,1984
2541,939,1,1977
462,791,1,1990
5295,177,1,1987
4557,460,1,1973
1066,284,2,1984
3334,427,1,1988
305,247,1,1996
4165,760,2,1989
2903,1074,1,1985
4299,532,2,1988
5031,659,1,1976
4773,665,1,1990
5308,544,1,1993
1642,893,2,1987
943,171,1,1988
4310,133,1,1992
5242,186,1,1956
2279,669,1,1990
4671,909,1,1991
399,412,1,1961
3107,1198,1,1981
1818,796,1,1990
903,548,1,1984
303,318,1,1990
4716,571,1,1983
1251,923,1,1989
3669,414,1,1987
4758,741,1,1989
3350,1066,2,1992
763,571,1,1989
3275,1365,1,1981
1468,957,1,1986
3395,384,2,1984
4774,446,1,1988
2098,643,1,1978
3489,818,1,1993
2055,340,2,1961
2043,629,1,1990
319,376,1,1972
1779,414,1,1968
3954,730,1,1957
1990,254,2,1993
2499,1975,1,1979
2367,1043,2,1983
788,378,1,1951
1760,353,1,1993
3276,1332,1,1987
2445,506,1,1979
886,612,1,1963
80,837,1,1988
5334,515,1,1986
443,782,1,1986
3454,591,1,1992
5359,785,1,1993
3924,189,2,1979
530,673,2,1961
2865,920,1,1988
4542,814,1,1965
4194,461,2,1973
491,408,1,1983
4557,85,1,1989
3525,167,1,1974
1785,193,2,1994
4349,371,1,1986
565,132,1,1991
2983,225,1,1991
636,210,1,1992
6,221,1,1994
4085,149,1,1987
1922,314,1,1982
1423,829,2,1974
3910,509,1,1990
3752,214,1,1986
2229,199,1,1989
2181,369,1,1958
4062,247,1,1982
3932,415,1,1990
4024,759,1,1993
2161,769,1,1976
526,427,2,1993
2911,1394,1,1989
4277,601,1,1977
908,290,1,1987
4700,390,1,1973
3581,1299,1,1973
2548,569,1,1992
4790,726,1,1974
4592,446,1,1981
249,725,1,1990
4524,599,1,1965
4613,422,1,1989
2525,1515,1,1987
2742,347,1,1980
3994,870,1,1988
4310,412,1,1969
5153,280,1,1966
111,411,1,1981
3407,1323,1,1988
2986,703,1,1988
2960,632,1,1962
729,1630,2,1978
3825,349,2,1967
2200,623,1,1987
2185,430,1,1991
3462,647,2,1984
4590,1051,1,1974
4584,303,1,1957
480,263,1,1990
3269,578,1,1984
2099,647,1,1989
196,199,1,1977
2698,448,1,1987
4993,253,1,1983
5242,167,1,1956
1960,362,2,1987
3924,363,1,1985
1774,664,2,1991
3941,546,1,1992
4186,265,1,1985
1468,259,1,1986
1335,432,1,1989
4134,1053,1,1985
756,548,1,1965
3251,431,2,1984
2500,780,1,1987
1887,191,1,1951
3589,698,2,1979
3694,1076,1,1990
225,209,1,1972
4112,924,1,1993
4506,390,2,1984
2789,417,1,1983
1576,1519,1,1986
656,795,1,1989
1372,445,1,1985
4215,697,1,1981
648,346,1,1984
4636,615,1,1976
4542,335,1,1987
604,298,2,1992
4292,902,1,1985
3644,202,1,1974
3435,445,1,1962
2200,150,1,1975
1722,508,1,1976
1059,1699,2,1983
4137,1128,1,1992
3738,216,1,1982
4015,317,1,1969
565,224,1,1996
2222,458,1,1990
1932,761,1,1987
582,756,1,1990
4739,429,1,1989
4512,1371,1,1990
1355,537,1,1979
544,707,2,1990
3418,287,1,1980
4375,352,1,1984
2109,1230,1,1969
3851,952,1,1975
2445,285,1,1969
3408,320,1,1980
300,326,2,1979
2165,352,1,1986
2750,730,1,1983
1655,474,1,1982
3899,872,2,1986
4766,392,2,1976
4357,1454,2,1982
4235,1137,1,1968
4584,398,1,1988
1527,202,1,1962
1149,1231,2,1960
4657,665,1,1989
3493,579,1,1980
4607,705,1,1979
2974,1105,1,1989
1585,471,2,1988
3643,1762,1,1969
4561,261,1,1991
2405,1325,2,1990
1144,517,1,1984
3350,607,1,1990
2756,329,2,1962
3586,654,1,1986
1243,1168,2,1986
4548,514,1,1974
4694,300,1,1987
304,626,1,1966
2228,463,1,1972
4812,1265,1,1981
855,421,1,1988
3022,382,1,1989
170,276,1,1963
959,153,1,1987
327,760,1,1961
1580,717,1,1976
215,585,1,1984
4363,248,1,1985
3394,561,1,1983
3492,654,1,1991
2145,1037,1,1971
482,363,2,1989
2903,199,1,1976
1109,248,1,1986
4080,1258,1,1985
2814,1163,1,1994
656,207,1,1989
3918,998,1,1970
1126,479,1,1986
5363,555,1,1983
3387,593,1,1993
117,465,1,1983
3591,1168,2,1989
2445,423,1,1989
3600,930,1,1982
2773,360,2,1980
5034,651,1,1981
4745,1006,1,1988
3586,247,2,1990
87,654,1,1960
236,321,1,1985
3924,404,1,1988
327,224,2,1991
1337,1123,2,1990
4630,187,1,1980
3415,461,2,1991
4806,555,2,1979
1527,679,2,1988
3438,315,1,1959
2370,607,1,1974
3489,163,1,1985
4592,940,1,1966
123,931,2,1988
4680,618,1,1985
4548,424,1,1957
2565,909,1,1979
2156,1263,2,1981
754,488,1,1984
2936,1157,1,1993
2229,1045,2,1990
1530,521,2,1975
2025,574,1,1992
2843,443,1,1953
3485,988,1,1986
2647,205,1,1991
453,966,1,1967
7,657,1,1977
401,636,1,1961
3045,106,1,1986
2503,301,1,1975
4221,217,2,1979
4353,5253,2,1959
4250,633,1,1986
228,962,1,1986
646,497,2,1983
206,522,1,1987
3749,515,1,1991
426,365,1,1972
525,287,1,1988
938,313,1,1990
1764,1132,1,1985
4262,924,1,1968
1524,295,1,1987
3968,467,2,1969
1341,451,1,1991
348,275,1,1993
1455,571,1,1960
5371,481,1,1991
4176,428,1,1982
1748,347,1,1986
1832,195,1,1992
5151,479,1,1971
3480,444,1,1977
2080,889,2,1985
3308,1523,1,1988
171,1017,2,1967
4557,304,1,1983
3669,232,2,1979
2192,359,1,1986
1149,1484,2,1960
485,289,1,1998
4755,172,1,1989
98,1215,1,1993
1369,569,1,1984
3711,998,1,1988
523,1082,1,1987
4268,1426,2,1989
4179,1583,1,1990
4692,196,1,1989
3314,335,1,1991
3509,2233,1,1964
3516,690,1,1987
3103,552,1,1987
3175,636,1,1988
754,439,1,1975
2546,540,1,1993
4609,605,1,1989
4357,262,2,1982
2675,983,1,1991
703,973,2,1981
1642,216,1,1971
250,416,2,1981
440,454,1,1955
5033,522,1,1959
1400,562,2,1991
1803,620,1,1985
304,582,1,1959
4170,1181,1,1981
4540,290,1,1987
1313,131,1,1988
2370,1158,1,1974
1882,202,1,1986
900,577,1,1982
3489,263,1,1990
4830,396,2,1974
4268,259,1,1971
3195,385,1,1990
4384,449,1,1988
4010,176,1,1980
5138,1205,2,1991
2841,973,1,1965
455,350,1,1963
2228,482,1,1964
1128,454,1,1973
170,90,1,1994
4078,478,1,1986
165,1730,1,1982
3366,275,1,1973
143,570,1,1989
4407,354,1,1987
3354,691,1,1956
2714,354,1,1968
2742,530,1,1957
4775,975,1,1991
491,358,1,1976
225,254,1,1972
1413,599,1,1984
399,1006,1,1953
1307,323,1,1989
2949,550,1,1991
2433,646,1,1985
1921,139,1,1981
3695,289,2,1988
4177,275,1,1989
626,711,1,1977
1321,1009,1,1986
4361,372,1,1981
1647,285,1,1991
2915,204,1,1976
4540,278,1,1987
1176,262,1,1992
4739,1340,1,1986
1951,155,2,1989
1220,153,1,1982
3924,1637,1,1988
406,128,1,1989
3516,480,1,1979
1636,598,1,1985
1530,214,1,1982
327,261,1,1979
7,1381,1,1977
3971,213,1,1988
359,330,1,1985
2875,453,1,1980
4992,1248,1,1967
749,713,1,1987
3509,154,1,1964
3480,390,1,1974
4246,737,1,1990
4186,154,1,1989
2647,592,1,1991
2286,382,1,1978
453,148,1,1986
1161,409,1,1984
3818,399,1,1978
4506,1297,1,1989
1192,1013,1,1976
1460,274,1,1991
1182,501,1,1992
581,684,1,1966
4089,589,2,1993
487,1094,1,1954
1840,489,2,1970
2074,1281,2,1984
2266,661,1,1983
2416,650,1,1979
1313,148,1,1988
4542,1253,2,1986
4047,386,1,1962
669,566,2,1980
1154,180,1,1987
1888,1166,2,1982
1735,615,1,1985
4637,870,2,1987
2523,197,1,1987
507,725,1,1957
891,866,2,1981
2619,241,1,1990
2392,1136,2,1978
1109,366,1,1986
2510,456,2,1987
1418,480,1,1984
4741,1399,1,1993
3749,483,1,1984
406,120,1,1989
446,881,1,1992
3683,575,2,1989
2702,341,1,1972
5055,613,1,1988
3364,373,1,1960
3491,979,1,1992
4640,891,1,1988
3194,529,1,1982
2433,311,1,1981
3978,564,2,1985
3308,514,1,1988
4719,700,1,1968
1847,925,1,1991
2150,256,1,1992
4179,1153,1,1990
1493,278,1,1990
2916,202,1,1984
3695,468,1,1980
598,247,1,1989
5305,272,1,1981
1792,1597,1,1980
4443,645,1,1986
3846,744,1,1979
4615,621,1,1980
192,329,1,1980
2773,621,2,1981
3342,651,1,1987
2900,887,2,1993
1404,520,1,1981
2762,781,1,1985
1645,473,1,1989
4122,1765,2,1988
2095,106,1,1980
3733,407,1,1989
200,706,1,1981
3565,538,1,1989
3983,1552,2,1968
1524,367,1,1970
4254,85,1,1986
2142,242,1,1981
872,601,1,1991
2181,619,1,1986
4003,631,1,1983
4605,1318,1,1992
756,516,1,1975
1085,751,1,1978
3253,278,2,1992
3035,1352,1,1960
2699,1247,1,1982
4177,441,1,1981
3892,1358,1,1986
3462,1213,1,1989
2711,644,2,1989
1927,702,1,1984
3381,1529,1,1988
195,411,2,1980
4028,130,1,1991
1156,1291,1,1973
448,1114,1,1987
4041,455,1,1956
5366,1128,1,1967
733,489,1,1970
2370,432,1,1991
3832,225,1,1983
4408,642,1,1962
5370,259,2,1988
1991,85,1,1969
3818,435,1,1975
3617,176,1,1992
307,499,1,1986
3133,823,1,1993
776,183,1,1962
641,831,1,1994
3489,636,1,1978
1046,203,1,1988
3662,552,1,1969
2443,217,2,1989
2301,515,1,1982
4551,223,1,1982
1405,156,1,1991
4524,903,1,1993
4421,153,2,1992
3310,1213,1,1956
2964,1095,2,1991
4203,916,2,1987
3139,985,1,1970
1157,1005,1,1982
1176,561,1,1977
3899,592,1,1993
1802,163,1,1991
3955,328,1,1989
4694,969,1,1986
4745,788,1,1991
3904,408,1,1980
1233,265,1,1990
4329,186,2,1990
4170,428,1,1981
3048,915,1,1977
3293,296,2,1989
5163,1291,1,1983
3245,865,1,1996
1927,416,1,1978
147,497,1,1991
3045,1355,1,1987
2756,552,2,1978
1916,543,1,1984
399,861,1,1970
2232,392,1,1983
1616,517,2,1995
4006,15063,1,1969
3826,423,1,1981
619,593,1,1982
577,639,2,1985
3509,169,1,1976
4067,1244,1,1984
3881,276,1,1986
2817,470,1,1991
2055,446,2,1961
5182,547,2,1993
3859,577,2,1995
1629,1141,1,1980
4285,325,1,1987
828,254,1,1980
1275,1062,1,1985
1207,168,1,1970
5033,366,1,1982
2149,824,2,1982
3219,267,1,1982
98,412,1,1983
4605,1062,1,1992
782,703,2,1968
5148,638,1,1991
334,759,1,1984
702,529,2,1959
3878,1146,1,1975
2685,349,1,1970
2232,245,1,1953
3258,752,1,1960
200,1272,1,1981
211,297,1,1983
1023,959,2,1989
707,437,1,1978
4430,320,1,1985
4314,840,1,1981
2424,274,1,1990
1552,1136,1,1986
2657,295,1,1989
3985,1090,1,1973
5163,637,2,1966
5011,798,1,1979
4332,597,1,1980
2433,543,1,1981
251,1229,1,1976
2863,405,1,1968
387,467,1,1979
2904,641,1,1986
2956,400,1,1991
1409,1065,2,1977
2272,256,1,1983
3274,321,1,1992
4437,444,1,1986
1805,757,1,1986
3216,253,1,1991
4103,877,2,1954
180,536,1,1974
3462,339,1,1989
2679,405,1,1968
4707,515,1,1974
1934,185,1,1986
1904,837,1,1982
1696,727,1,1983
1427,742,1,1973
4605,416,1,1992
3170,1082,2,1981
4170,827,1,1968
3251,1073,1,1977
2241,336,1,1986
307,200,2,1987
3317,693,1,1964
508,478,1,1985
3420,436,1,1981
3997,422,1,1967
3193,1439,1,1954
4337,289,1,1982
1341,857,1,1981
2578,1589,1,1983
4346,433,1,1987
270,233,2,1985
646,1037,1,1962
2928,171,1,1976
1823,655,1,1971
4402,1123,2,1962
1983,670,1,1975
4281,552,1,1993
4598,584,1,1967
829,1462,1,1979
2386,313,1,1987
188,888,1,1960
2633,611,1,1980
4524,417,1,1989
1993,569,1,1980
3690,245,1,1993
3254,834,1,1989
2023,571,2,1989
3287,288,1,1988
1590,318,1,1982
1628,505,1,1981
4734,374,1,1970
588,464,2,1987
1360,500,2,1986
3403,500,2,1968
4361,166,1,1990
709,235,1,1956
3764,686,1,1978
3971,1487,1,1966
2370,352,1,1986
4015,743,1,1985
1106,311,1,1990
2043,403,1,1967
3744,446,1,1968
80,242,1,1987
4065,252,1,1975
3669,793,1,1979
4776,331,1,1988
1849,2138,1,1981
2842,266,1,1987
3251,371,1,1954
4458,530,1,1955
3663,980,1,1973
455,380,1,1970
300,191,1,1990
2165,1494,1,1994
3308,542,1,1982
1444,1229,1,1967
2932,821,1,1984
4137,224,1,1983
3851,326,1,1981
3299,361,1,1974
2074,395,1,1989
3164,1263,1,1979
147,184,1,1962
1375,540,1,1960
4526,666,2,1962
3978,777,1,1959
2908,787,1,1979
2893,836,1,1968
1323,634,1,1992
2900,608,1,1983
4338,568,1,1984
2179,447,1,1988
1054,291,1,1983
3679,360,1,1976
2205,624,1,1971
4755,365,1,1981
1629,350,1,1980
2856,1083,2,1989
4038,163,1,1979
2082,570,1,1991
1381,1101,2,1989
3590,1154,1,1989
1344,1754,1,1987
672,511,1,1961
2148,534,1,1992
1616,767,1,1995
2444,399,1,1981
2311,874,2,1979
1425,769,1,1973
2114,225,1,1979
1512,1002,1,1982
3046,361,2,1989
3694,481,1,1970
4708,408,1,1975
871,261,1,1970
4140,462,1,1972
3825,456,1,1982
3492,318,2,1980
777,276,1,1979
3994,760,1,1965
2126,435,1,1963
1265,389,1,1990
5358,389,1,1990
2495,1966,1,1978
4564,377,1,1964
270,449,2,1993
2254,850,1,1968
3794,916,1,1985
397,594,1,1986
222,660,1,1981
2843,409,1,1982
1376,330,1,1966
3934,555,1,1962
1693,662,2,1979
2232,168,2,1968
1375,284,1,1966
671,845,1,1972
4711,200,1,1986
1237,556,1,1964
5037,1304,1,1990
123,727,1,1988
3422,559,1,1993
3932,673,1,1989
872,920,1,1990
4485,496,1,1975
1519,1286,1,1976
1344,335,1,1982
3366,1260,1,1973
2411,425,1,1967
1959,214,1,1978
4377,466,1,1960
143,483,2,1989
3312,1457,1,1992
222,160,1,1982
3219,485,1,1962
2222,1472,1,1957
4246,743,1,1990
4289,469,1,1984
3754,708,1,1984
2739,661,1,1972
2548,210,1,1969
2073,886,1,1958
4460,354,1,1994
3436,357,1,1985
3623,363,2,1970
4352,545,1,1987
5016,1347,2,1992
206,480,1,1987
3469,1316,1,1966
3542,697,1,1982
850,462,2,1955
2696,1207,1,1991
3965,729,1,1974
655,933,1,1969
3304,766,1,1989
3491,329,1,1992
2631,652,1,1987
415,561,1,1956
656,408,1,1979
2055,226,1,1983
3431,230,1,1958
2647,619,1,1973
1849,502,1,1985
538,907,1,1969
5377,628,1,1982
484,590,1,1989
4042,1863,1,1989
1921,267,1,1981
4786,444,1,1980
2989,501,2,1990
4680,613,1,1983
4100,250,1,1982
1398,296,1,1988
3565,697,1,1976
581,834,1,1990
4347,517,1,1978
5015,755,1,1989
7,472,1,1981
5328,1310,1,1978
4640,368,1,1975
4650,669,1,1982
871,621,1,1980
3985,597,1,1969
4296,455,1,1955
4028,137,1,1991
1802,1105,2,1973
2005,338,1,1966
812,1497,1,1984
3160,247,2,1984
79,1225,1,1978
1951,368,2,1987
80,361,1,1982
3833,633,2,1968
4289,654,1,1984
1344,118,1,1975
622,575,1,1963
924,185,1,1968
1313,343,1,1976
4349,178,1,1995
3759,367,1,1988
166,249,1,1990
4678,369,2,1985
3052,933,2,1989
3422,889,1,1993
2949,393,1,1972
4296,335,1,1948
821,451,1,1981
3215,487,1,1987
4812,817,1,1983
4631,223,1,1976
4338,838,1,1986
581,574,1,1974
3733,268,2,1953
4346,919,1,1961
3905,399,2,1979
4603,2236,1,1973
5377,1034,1,1982
3723,408,1,1963
3969,226,1,1968
3190,1002,1,1988
3675,476,1,1970
4097,456,1,1979
718,464,1,1980
960,126,1,1973
1454,338,1,1975
2566,390,2,1984
1699,490,1,1986
971,771,1,1991
809,351,1,1993
1183,442,1,1990
3764,1045,2,1993
938,181,1,1986
2725,881,1,1955
147,220,1,1978
3613,334,1,1963
249,119,1,1971
4625,217,1,1989
1151,374,1,1983
479,352,2,1985
2754,295,2,1960
3523,307,1,1972
1520,427,1,1950
1445,272,1,1982
416,804,1,1979
3590,492,2,1961
1757,423,2,1984
3800,330,1,1958
2657,150,1,1981
2255,246,1,1984
2262,349,1,1960
3492,375,1,1974
896,336,1,1963
3777,2211,1,1958
543,576,1,1977
4354,628,1,1988
4485,544,1,1988
4315,514,1,1974
481,362,2,1986
2847,357,1,1969
5045,384,2,1952
2173,740,1,1989
347,1163,2,1989
4495,1107,1,1953
1653,928,1,1975
1084,1695,1,1969
5072,228,1,1986
3146,305,1,1991
3764,473,2,1993
1282,377,1,1993
3235,308,1,1984
1529,193,1,1982
5505,202,1,1957
395,256,1,1981
5309,2273,1,1986
727,560,1,1984
2989,323,2,1965
528,205,1,1968
627,524,1,1984
1448,432,1,1955
448,308,2,1959
1989,205,1,1967
6,174,1,1988
584,872,1,1984
555,895,2,1976
4756,772,1,1981
3613,363,1,1960
952,688,1,1975
1046,259,2,1984
4363,631,2,1973
1109,173,2,1991
2445,1180,1,1965
129,359,1,1985
2238,360,1,1963
1314,410,2,1993
2900,527,1,1987
777,1234,1,1979
4045,534,1,1980
4678,384,2,1984
257,261,1,1979
834,174,1,1990
1405,125,1,1986
1183,126,1,1988
3351,409,2,1966
1468,610,1,1974
4352,678,1,1982
4047,370,1,1989
4038,666,1,1980
2692,249,1,1964
1985,502,1,1989
4254,250,1,1984
3751,164,1,1988
4157,680,2,1968
4635,280,1,1951
2191,210,2,1989
2012,347,1,1985
891,125,1,1963
2615,603,1,1964
3650,716,1,1998
1480,249,2,1975
2726,345,1,1972
1290,118,1,1989
771,500,1,1960
4707,549,1,1982
4141,848,1,1979
447,207,1,1985
2287,319,2,1982
1583,726,2,1989
952,369,1,1975
2381,257,2,1990
2124,1183,2,1981
655,2305,1,1973
3353,271,2,1989
644,197,1,1988
2086,422,1,1982
4203,632,1,1986
4250,814,2,1985
91,361,1,1991
4315,99,1,1980
3340,534,1,1986
2345,529,1,1972
2352,903,1,1986
1058,197,1,1992
1805,613,1,1982
3764,979,2,1993
766,460,2,1980
609,495,1,1987
3052,275,1,1992
3792,225,1,1988
4176,520,1,1990
2986,805,1,1977
2529,454,1,1980
2173,218,1,1957
1562,303,1,1989
4149,324,1,1976
2884,486,2,1993
287,310,1,1983
364,379,2,1954
5022,554,1,1977
3965,466,1,1990
1402,462,1,1985
2739,595,1,1973
2814,292,1,1955
3295,420,2,1988
3918,391,1,1968
3639,1028,1,1989
4038,423,1,1989
2061,249,1,1988
5505,342,1,1987
1529,115,1,1984
3396,527,1,1989
3832,396,2,1978
2242,246,1,1985
346,434,1,1966
506,350,2,1963
4568,83,2,1986
2226,176,1,1988
4708,2880,2,1977
1217,284,2,1984
3516,526,1,1963
2055,191,1,1979
5328,545,1,1978
4762,1018,1,1992
4792,548,2,1989
5309,1076,1,1986
2856,727,2,1989
3232,256,1,1977
3282,1556,2,1982
91,318,1,1989
2324,1042,1,1986
4354,1691,1,1988
4192,574,1,1996
347,1704,2,1989
3181,282,1,1984
2949,808,2,1989
129,764,1,1985
3257,712,1,1986
162,74,2,1989
3776,1425,1,1989
1649,1466,1,1980
3479,483,1,1987
2272,244,2,1989
2414,439,1,1972
4150,217,2,1958
952,409,1,1981
4031,518,1,1967
3846,311,1,1956
401,682,2,1958
999,368,1,1982
3602,833,1,1984
1207,461,1,1981
3711,497,1,1978
1470,234,1,1970
3828,202,2,1971
2372,520,1,1982
4775,748,1,1973
1411,1004,1,1991
2149,660,1,1966
3523,230,1,1976
2508,286,1,1977
1848,404,1,1981
2228,898,1,1972
1176,620,1,1961
2305,298,1,1994
3695,487,1,1966
2578,270,1,1961
4024,455,1,1990
1360,457,1,1963
2574,234,2,1984
783,307,1,1982
42,211,1,1983
2838,573,1,1989
575,729,2,1987
4711,755,1,1982
440,355,2,1981
3579,1567,1,1991
2287,646,2,1982
665,333,1,1979
4423,651,1,1971
609,311,1,1980
4244,1317,1,1988
1400,210,2,1987
480,661,1,1993
1140,851,1,1987
904,848,1,1965
80,2731,1,1982
5157,569,1,1983
3491,549,1,1949
4268,1147,1,1950
1878,743,1,1970
2249,198,1,1976
4718,417,1,1986
881,994,1,1994
464,402,1,1960
1951,3232,2,1987
3212,897,1,1965
4149,333,1,1980
472,1408,1,1975
3670,581,2,1997
1067,339,2,1976
3157,385,1,1986
3172,350,1,1983
1341,1052,1,1950
310,888,1,1975
3092,450,1,1969
834,219,1,1990
4201,584,1,1975
3101,199,2,1960
3518,184,2,1984
3602,282,2,1989
1375,620,1,1983
3629,421,1,1979
1099,852,2,1983
1248,240,1,1978
9,393,2,1990
3516,494,1,1962
4680,150,1,1974
1300,245,1,1979
170,332,1,1993
582,1164,1,1984
1311,143,1,1985
3374,1081,1,1980
3077,545,2,1976
1735,350,1,1979
4485,461,1,1982
669,125,1,1992
2476,783,1,1989
1142,689,2,1968
1842,314,1,1981
2305,338,1,1979
3886,433,1,1973
2485,422,2,1969
4221,971,1,1990
1546,540,1,1983
2942,368,1,1983
1887,298,1,1975
1870,781,1,1982
5174,410,2,1984
1610,245,1,1971
724,330,1,1982
3419,331,1,1987
3193,1140,1,1995
4507,649,1,1984
2071,491,1,1979
3795,942,1,1995
4548,624,1,1969
4329,712,2,1988
2989,335,2,1984
3802,1080,1,1989
4362,648,2,1960
1072,558,1,1983
3351,1215,2,1966
4364,607,1,1988
3820,803,1,1980
1261,394,1,1984
1912,616,1,1985
5244,278,1,1971
4055,939,1,1986
4347,654,1,1968
3442,401,2,1956
4397,182,1,1967
3240,481,1,1966
4635,683,1,1949
2145,320,1,1974
4546,198,1,1983
3079,698,1,1972
427,1501,1,1958
3793,426,1,1962
4756,672,1,1980
2993,219,1,1961
526,782,1,1989
3759,489,2,1985
1347,684,1,1966
3205,809,2,1989
613,282,1,1957
3103,431,1,1967
4716,1109,1,1977
3101,182,2,1960
2228,472,1,1962
3381,655,2,1983
399,424,1,1992
2148,476,1,1975
2336,670,1,1967
1947,830,2,1987
1581,232,1,1974
1534,343,1,1958
4530,1078,1,1982
2015,776,1,1985
1977,535,2,1993
5240,527,1,1990
3436,1099,2,1985
3920,165,1,1974
2136,540,1,1989
816,204,1,1992
727,595,1,1982
42,191,1,1983
3360,1645,1,1963
5366,753,1,1981
3711,713,1,1992
1590,528,1,1981
2880,410,2,1971
1321,228,1,1983
2287,627,2,1982
3320,435,1,1991
1626,565,2,1987
3965,591,1,1984
3298,857,1,1984
482,895,2,1969
2546,576,1,1958
525,1007,1,1956
3276,864,1,1958
2414,195,1,1974
2346,255,1,1990
2537,768,2,1981
4315,1358,1,1980
3796,231,1,1992
2650,877,1,2000
171,656,2,1974
2525,755,1,1985
1109,1680,1,1994
3315,441,2,1992
2541,499,2,1982
943,305,1,1981
3295,440,2,1956
2675,755,1,1989
406,859,2,1981
2679,626,2,1967
3036,2239,2,1994
5156,1643,1,1970
1125,688,2,1986
2148,270,2,1960
4657,737,1,1978
1007,1400,1,1984
1239,688,1,1969
2308,638,1,1969
3686,746,1,1995
383,557,2,1966
2983,229,2,1989
3325,682,1,1961
3177,1320,2,1973
4423,513,2,1964
4346,754,1,1961
2417,451,1,1980
1147,696,1,1973
3172,455,1,1980
4006,531,1,1953
1539,813,1,1960
817,449,1,1995
4745,1022,1,1987
4665,441,1,1989
4669,766,1,1986
4369,371,2,1985
1500,448,2,1986
4542,731,1,1981
2749,479,1,1977
5369,786,1,1987
5172,2341,1,1991
4992,437,2,1986
3775,742,1,1960
2372,957,1,1982
1447,453,1,1958
2863,729,2,1979
3940,383,1,1984
1529,280,1,1970
2438,263,1,1986
1097,349,1,1992
4634,1300,1,1975
1265,508,1,1950
2851,416,1,1965
3517,1194,1,1948
132,853,1,1971
3428,793,1,1945
2191,353,1,1981
5302,503,1,1954
42,385,1,1990
5011,1393,1,1981
3509,1138,1,1989
3257,643,2,1977
310,1085,1,1975
3785,1634,1,1970
544,639,2,1989
1859,883,2,1990
1871,329,1,1965
4999,1355,1,1995
1573,604,1,1982
3579,566,1,1991
3710,2058,1,1970
4141,454,2,1988
4587,675,1,1961
930,426,1,1952
3366,480,1,1954
3078,1288,1,1985
624,1095,1,1973
882,512,2,1971
2352,375,1,1983
2911,334,2,1978
766,553,1,1975
4377,1431,1,1966
3878,914,2,1992
687,472,1,1968
4463,1519,2,1971
3582,1174,1,1993
3623,252,1,1981
4607,667,1,1967
4061,329,1,1966
3946,504,2,1992
4099,553,1,1966
644,545,2,1992
3117,548,1,1991
1207,555,1,1990
479,349,1,1988
4746,1236,1,1991
4785,201,1,1994
80,1001,1,1983
3298,545,2,1970
673,356,2,1997
4068,333,1,1965
158,596,2,1958
843,373,1,1991
2865,284,1,1994
646,1180,1,1991
911,1023,2,1966
3890,247,1,1985
1966,885,1,1949
881,1366,1,1994
3885,409,1,1975
2751,313,2,1984
1951,1156,1,1980
2440,134,1,1989
1740,746,1,1987
3867,783,2,1979
4201,729,1,1975
2272,480,1,1958
569,924,1,1970
4500,539,1,1975
2685,516,1,1968
1206,316,1,1950
1265,223,1,1989
816,334,1,1959
4235,1042,2,1989
3281,380,1,1963
1699,260,1,1958
958,976,1,1987
756,544,1,1980
3141,397,1,1972
1909,216,1,1972
1448,469,1,1955
505,373,2,1983
1094,315,1,1950
3147,650,1,1987
346,493,1,1985
4384,601,1,1989
5060,615,2,1987
2566,606,2,1949
3374,1436,1,1980
2287,967,2,1982
4352,472,1,1993
1275,402,1,1956
914,626,1,1956
2212,633,2,1965
51,1679,1,1970
4031,918,1,1967
249,408,1,1974
2565,331,1,1993
2698,1131,1,1974
1402,170,1,1986
3131,272,1,1979
5066,1170,2,1986
2836,1153,1,1957
482,890,2,1969
4497,607,1,1978
1294,760,2,1984
3920,351,1,1974
3982,1318,1,1972
2657,500,1,1971
4397,503,1,1976
4307,789,1,1972
5156,407,1,1970
1067,1757,2,1976
2440,124,1,1989
938,573,1,1986
3281,195,1,1985
2405,868,1,1956
5064,478,1,1989
3517,772,1,1948
4734,389,1,1983
3892,739,1,1986
2236,579,1,1977
3312,294,1,1979
2476,313,1,1972
828,389,2,1989
2749,963,1,1977
2549,246,2,1989
2015,805,1,1985
881,248,1,1988
3559,311,1,1991
4303,1616,1,1993
304,472,1,1990
3387,291,1,1976
4024,271,1,1981
2494,1251,1,1960
2395,444,2,1979
3491,421,1,1976
4745,814,1,1953
3961,549,1,1964
1581,1526,1,1974
619,365,2,1977
3106,1587,1,1979
5019,729,1,1992
3628,590,1,1972
305,432,1,1996
2323,410,2,1985
4999,604,1,1970
440,132,1,1975
132,874,1,1989
3509,313,1,1993
350,513,1,1969
3785,889,1,1970
1329,1314,1,1975
2075,232,2,1961
4140,341,1,1985
2066,2949,1,1973
3752,328,1,1986
1762,105,1,1985
1115,253,1,1961
2071,375,2,1971
4512,1851,2,1962
1240,489,1,1966
707,987,2,1970
1034,1092,1,1971
4785,357,1,1994
4201,371,1,1984
3572,390,1,1969
2873,1195,1,1960
4602,289,1,1958
1882,769,1,1978
3842,1439,1,1992
2565,628,1,1993
3542,276,1,1996
2226,202,1,1988
1729,727,1,1984
1409,927,2,1986
2191,458,1,1981
944,749,1,1965
2975,1352,1,1961
3695,327,1,1980
2272,203,1,1989
3589,608,1,1968
1125,1508,2,1986
4254,432,1,1972
2140,457,1,1958
4296,668,1,1955
4095,514,1,1970
609,313,1,1964
544,538,2,1989
4006,1388,1,1953
4352,371,1,1982
924,725,1,1992
1659,1282,1,1964
559,596,1,1991
2679,1058,1,1989
2937,470,2,1992
3464,873,1,1982
4124,415,1,1988
2205,674,1,1988
1942,445,1,1967
3518,820,1,1960
3782,582,2,1966
3705,605,2,1984
1392,387,2,1988
5302,415,1,1985
891,377,2,1993
4717,67,1,1991
4204,684,1,1960
4149,650,2,1986
653,570,1,1990
818,349,1,1948
953,1157,2,1987
491,414,1,1985
3759,293,2,1989
644,691,2,1992
5321,1339,1,1979
2266,1116,2,1996
3230,428,2,1981
2768,334,1,1977
4676,804,1,1985
502,2903,1,1985
4397,478,1,1962
3509,492,1,1993
5148,414,1,1960
1197,705,2,1990
304,374,1,1990
2236,347,1,1977
4461,117,1,1975
5173,246,2,1978
465,200,1,1965
1859,320,1,1981
3326,317,1,1984
2635,646,1,1957
1041,573,1,1982
3650,607,2,1988
3744,209,1,1970
4726,590,1,1980
5039,128,1,1995
2082,172,1,1978
4598,397,1,1950
3089,372,1,1976
2664,299,1,1975
4640,703,1,1967
3418,1556,2,1989
4723,771,1,1979
3295,504,1,1969
2952,334,2,1991
669,512,1,1969
2508,1327,1,1954
2942,635,2,1978
3255,258,1,1984
2287,1256,2,1982
3542,184,1,1996
3281,227,1,1985
5030,1042,1,1982
2300,283,1,1974
1337,894,2,1990
3740,1279,2,1994
5343,923,2,1988
5505,875,1,1974
346,288,1,1985
3751,207,1,1971
5361,975,1,1972
2073,225,1,1978
952,234,2,1956
4338,522,1,1979
4998,1280,1,1958
3184,432,1,1985
3686,387,1,1987
3078,424,1,1961
2167,975,2,1983
3534,251,1,1979
1758,203,1,1971
1564,300,1,1990
1912,1459,2,1993
3626,1660,2,1993
718,377,1,1980
854,407,1,1965
4627,317,1,1977
2265,553,1,1986
455,305,1,1970
1066,492,1,1994
5330,1713,1,1984
3262,432,2,1985
2565,815,1,1993
1832,286,1,1958
5074,159,1,1975
2249,596,1,1989
3785,824,1,1970
4160,689,1,1964
1500,650,2,1986
4775,2128,1,1975
3714,641,2,1984
4045,474,1,1979
4678,247,2,1965
2445,836,1,1965
327,194,1,1976
509,380,1,1989
3892,1427,1,1986
506,407,1,1974
231,628,2,1989
3617,1216,2,1984
4013,664,1,1992
3500,306,1,1988
462,1122,1,1951
3991,639,1,1988
3156,630,1,1967
5032,1006,2,1978
3968,251,1,1964
2170,912,1,1982
3212,455,1,1955
3577,715,1,1962
3724,303,1,1955
1126,737,2,1977
747,699,1,1991
3517,985,1,1948
5064,238,1,1982
622,196,1,1974
262,483,1,1987
3626,387,2,1993
83,360,1,1960
5030,182,1,1965
3905,227,1,1983
3582,1463,1,1993
1846,653,1,1973
1067,1758,2,1976
3744,488,1,1975
2347,238,1,1986
4717,1007,2,1982
3216,1725,1,1983
4792,815,1,1980
2508,720,1,1954
5071,1484,2,1986
4627,558,1,1981
5157,1731,1,1969
4464,1532,1,1972
2332,1021,2,1988
5156,395,1,1987
3144,1819,2,1970
759,1000,1,1990
2748,518,1,1996
4548,1135,2,1970
3626,194,2,1993
4097,254,1,1985
3295,363,1,1988
3885,381,1,1975
5330,277,1,1984
3230,1153,2,1981
3184,535,1,1956
3311,1312,1,1968
2314,1020,2,1989
3586,278,1,1990
1282,515,1,1964
3940,393,1,1976
3714,167,2,1984
953,420,2,1989
3751,334,1,1971
211,1071,1,1980
3937,1619,1,1984
3813,311,1,1972
525,384,1,1961
1549,1184,2,1989
3518,1383,1,1960
214,598,1,1989
3995,158,1,1967
4765,3139,2,1963
2272,186,1,1989
4201,205,1,1990
1034,1659,1,1971
2900,647,1,1987
1128,438,1,1988
881,291,1,1964
3503,1323,1,1984
4099,488,1,1984
3131,772,1,1979
503,584,1,1992
427,1129,1,1972
2327,390,2,1983
1050,1434,2,1981
4258,413,2,1983
3470,996,2,1988
4336,264,1,1977
4801,393,1,1963
2751,1168,2,1981
2647,378,1,1975
5321,1442,1,1979
4716,1328,1,1962
4006,1634,1,1953
2064,1158,1,1961
5011,342,1,1960
3965,440,1,1975
473,1513,2,1990
2685,608,1,1990
3784,276,1,1966
4296,649,1,1955
2438,2355,2,1989
3097,748,1,1970
2529,709,1,1984
4276,206,1,1978
3105,912,2,1962
4638,556,1,1977
327,346,1,1976
4229,617,1,1972
648,710,1,1966
3269,541,1,1975
5074,686,2,1986
4564,736,1,1980
1881,275,1,1961
4825,646,1,1978
1655,966,1,1956
1182,514,1,1981
2956,567,1,1990
4050,1037,1,1986
1109,1047,2,1958
5063,741,2,1954
2425,273,1,1990
1534,309,1,1988
643,409,1,1982
953,519,2,1989
2565,1239,1,1993
1128,323,1,1988
2675,721,1,1969
1942,978,1,1948
4519,582,1,1982
3724,1004,1,1991
5007,859,1,1982
3706,282,1,1984
3995,490,1,1967
4773,505,2,1963
77,252,2,1981
1828,432,1,1959
3785,1248,1,1970
3623,897,1,1992
3315,796,2,1992
2021,887,1,1980
305,227,1,1996
2909,718,1,1985
1607,232,1,1977
356,417,1,1989
3200,1400,1,1970
4706,1463,1,1965
1444,519,1,1973
2015,1418,1,1972
5371,438,1,1954
2219,391,1,1982
3382,1447,1,1990
4005,386,1,1972
83,310,1,1960
2394,181,1,1994
1628,475,1,1974
2121,1225,1,1986
453,305,1,1975
4074,329,1,1945
3199,843,2,1976
687,675,2,1956
1468,1095,1,1993
2200,758,1,1952
5174,569,2,1984
3083,1548,2,1975
3144,255,2,1970
1125,611,1,1971
3264,760,2,1982
1154,398,1,1987
828,1049,1,1950
3295,229,1,1968
930,545,1,1984
1875,300,2,1970
3216,737,1,1983
3729,290,1,1969
1029,681,1,1966
756,1271,1,1975
821,603,1,1979
3518,914,1,1960
1084,602,1,1969
3525,303,1,1994
1859,292,1,1981
3497,1122,1,1989
646,1028,2,1984
3777,4797,1,1958
2327,376,2,1958
262,560,1,1987
4176,477,1,1981
4006,775,1,1953
2500,2008,1,1987
1596,705,1,1988
542,695,2,1965
4140,537,1,1961
3577,1442,1,1962
1306,961,2,1957
4204,1464,1,1960
2549,335,1,1964
2162,761,1,1964
2181,843,1,1951
2012,251,1,1951
4391,1006,2,1969
3262,1217,2,1992
2465,729,1,1981
5361,1838,1,1972
3133,606,1,1968
3540,396,2,1955
360,938,1,1986
1500,866,1,1975
3786,140,1,1965
1115,373,1,1972
3800,610,2,1982
2374,579,1,1987
2674,647,1,1983
1329,490,1,1986
3935,408,1,1975
818,979,1,1956
3524,1023,1,1963
3077,1215,2,1992
2314,1315,2,1989
1182,285,1,1981
2346,628,1,1974
4061,278,1,1978
952,492,2,1964
1757,703,1,1978
1313,349,1,1967
1562,644,1,1982
4056,760,1,1987
3764,309,1,1961
2025,412,1,1992
4988,1226,2,1969
3016,726,1,1983
4671,191,2,1988
2762,184,1,1982
1265,290,1,1972
2508,1437,2,1976
2664,898,1,1975
4328,662,1,1971
1580,161,1,1978
3165,154,1,1973
3155,1668,1,1971
5008,350,1,1992
2167,1017,1,1966
3231,1136,1,1961
2771,397,2,1990
1917,536,1,1957
4208,304,2,1976
1033,1304,2,1980
2016,299,1,1985
1818,472,1,1983
2750,1037,1,1950
1823,456,1,1989
2913,660,2,1986
2287,905,1,1985
525,413,1,1985
2023,1255,1,1963
3255,302,1,1984
478,774,1,1994
2894,544,1,1967
2748,224,2,1988
711,461,1,1982
2476,963,1,1950
1066,374,1,1990
4522,519,2,1995
2075,1343,2,1958
4549,661,1,1985
3486,1118,1,1972
4719,217,1,1975
4074,448,1,1990
474,1959,2,1979
1711,1347,2,1960
2381,666,2,1992
3474,160,1,1973
2685,669,1,1966
1207,331,1,1962
4459,75,2,1958
2986,1334,1,1977
4640,1130,1,1984
298,1353,2,1990
1188,656,2,1960
871,514,1,1960
1987,645,1,1983
514,664,1,1963
3199,670,1,1976
3623,913,1,1992
3278,350,1,1990
3311,732,1,1975
4078,1097,1,1962
2814,643,1,1985
1735,191,1,1967
3395,585,1,1964
3935,450,1,1975
3233,307,1,1965
3881,300,1,1980
3312,401,1,1979
4219,248,2,1988
953,1413,2,1989
2048,589,2,1985
2026,470,2,1984
5174,1042,2,1964
2432,675,1,1962
863,290,1,1982
3609,362,2,1984
3528,468,1,1991
3796,203,1,1991
3207,1263,1,1997
5046,868,1,1977
3235,541,1,1984
4177,791,1,1985
288,288,1,1965
938,412,1,1977
2578,332,1,1980
3744,594,1,1961
4522,296,1,1976
2301,340,1,1979
1649,599,2,1979
4682,1528,1,1983
2025,738,1,1978
4734,187,1,1981
1125,1347,1,1971
882,521,2,1971
3133,337,1,1985
3410,217,1,1984
4328,336,1,1991
2986,420,2,1952
5061,562,1,1975
2565,345,1,1985
3785,1501,1,1970
4447,447,2,1956
3381,150,2,1980
5043,928,1,1974
4101,213,1,1989
1964,1782,2,1983
4045,825,1,1978
9,960,2,1962
2911,278,2,1978
3083,1470,2,1975
4636,1199,1,1972
2117,952,1,1970
2462,375,1,1994
2470,409,1,1990
4450,695,1,1985
1263,366,2,1987
2328,1618,1,1974
542,232,1,1965
4605,415,1,1972
1733,702,1,1986
2200,791,1,1952
960,1094,1,1973
4063,870,2,1977
2762,267,1,1968
3147,321,1,1954
3883,465,1,1984
2989,1028,1,1985
2549,322,1,1964
860,374,1,1990
3890,834,1,1972
3551,387,2,1990
2286,627,1,1965
3491,283,2,1988
3969,695,1,1986
1192,906,1,1952
4056,475,1,1990
1842,490,1,1987
4460,428,1,1994
759,1281,2,1957
2136,938,1,1973
2768,394,1,1964
1778,913,1,1974
3454,222,1,1962
2272,506,1,1977
5001,748,1,1958
5049,601,1,1986
2579,1338,1,1993
3086,247,2,1956
2897,484,2,1988
4678,732,1,1985
4514,1458,2,1993
4298,457,1,1965
954,626,1,1980
1511,567,1,1990
1701,693,2,1978
3127,330,2,1990
3406,728,1,1993
3436,512,1,1961
3366,699,1,1982
577,1054,1,1978
2433,1260,1,1985
863,422,1,1981
4392,209,1,1995
1029,900,1,1986
495,188,1,1978
2882,435,2,1984
2012,423,1,1951
1764,963,2,1988
1610,381,1,1987
4131,269,1,1994
5032,265,1,1982
4602,376,1,1979
1848,603,1,1973
2124,1220,1,1981
992,388,1,1984
834,1202,1,1963
1947,717,1,1989
2885,5533,2,1993
2560,1557,1,1985
2936,1279,1,1984
4011,541,1,1993
4296,1164,1,1955
4314,451,1,1970
2145,932,1,1976
4440,696,2,1994
3575,717,1,1993
2748,726,1,1996
4303,1563,1,1994
4204,206,1,1962
5008,1400,1,1976
4469,1843,1,1972
3269,370,1,1975
3884,1513,2,1984
2412,1218,2,1985
2227,1783,1,1981
944,257,1,1984
1711,1267,2,1960
548,330,2,1988
436,225,1,1963
3462,1146,2,1990
1832,307,1,1958
1235,125,2,1984
4328,627,1,1990
4682,283,1,1985
2763,367,1,1987
514,148,1,1963
2759,169,1,1975
3631,948,1,1986
1188,173,2,1960
3832,574,1,1992
3117,1446,2,1990
4734,894,1,1981
2236,105,1,1971
2686,419,1,1985
1653,892,2,1970
724,676,1,1990
2404,992,1,1983
959,156,1,1985
1691,316,1,1981
1527,760,1,1989
1314,496,2,1984
3083,743,2,1982
448,828,1,1992
161,377,1,1986
1620,365,1,1976
4299,475,1,1985
2524,1360,1,1976
2989,740,1,1985
5327,1629,1,1983
4140,335,1,1951
311,364,2,1982
294,706,2,1978
2328,838,1,1984
3311,1263,1,1975
2696,904,1,1971
214,268,1,1992
5358,260,1,1977
3992,933,1,1987
3245,646,1,1996
360,777,1,1983
3517,706,1,1970
2762,177,1,1968
2817,597,1,1990
2169,723,1,1965
5160,814,2,1985
1758,231,1,1986
3785,963,1,1970
3586,398,1,1960
818,274,1,1971
2045,958,1,1960
1017,852,1,1981
244,188,1,1985
2372,411,1,1970
251,239,1,1963
2480,544,1,1956
1709,257,1,1988
4809,187,1,1984
3723,333,1,1963
3675,449,1,1977
3887,465,1,1974
4585,467,1,1963
1115,379,1,1989
1557,235,1,1986
3549,5446,1,1958
479,422,1,1989
1823,206,1,1989
3528,284,2,1989
1637,2791,1,1989
609,399,2,1990
380,283,2,1993
1828,207,1,1974
1858,1360,2,1984
3609,1489,2,1984
3663,920,1,1985
2352,336,1,1990
599,544,1,1988
4671,333,1,1989
1793,334,1,1987
4554,1493,1,1997
2286,398,1,1961
391,352,1,1993
3294,593,1,1988
4273,379,1,1988
2913,176,1,1990
3813,485,2,1965
3434,358,2,1981
4509,791,1,1988
756,485,1,1970
1977,360,1,1952
2508,830,2,1963
3839,386,2,1989
4806,321,1,1957
4113,690,1,1963
1060,355,1,1990
2633,965,1,1968
2873,974,1,1949
440,896,2,1983
1519,882,1,1991
619,842,2,1993
533,384,2,1984
3111,952,1,1951
1050,505,1,1987
9,967,2,1962
2733,1164,1,1988
350,442,1,1971
3086,449,2,1984
3308,263,1,1942
5367,973,2,1975
4605,833,1,1987
843,739,2,1984
3016,705,1,1983
4423,453,2,1964
938,707,1,1961
380,293,1,1994
3815,810,2,1962
5332,472,2,1986
834,313,1,1987
3796,249,1,1991
5327,197,1,1962
872,723,1,1988
2868,333,1,1960
4336,1548,1,1977
3785,708,1,1970
1832,228,1,1958
4365,427,1,1974
1809,282,1,1980
4563,169,1,1991
2100,433,2,1987
2900,435,1,1968
3884,1087,2,1984
83,374,1,1972
1261,222,1,1984
2943,431,2,1983
4734,991,1,1981
2412,655,2,1985
2803,1576,2,1984
5039,239,1,1988
2381,385,2,1992
2897,320,1,1977
8,731,2,1980
1618,491,2,1985
399,570,1,1980
1263,492,2,1987
4392,1451,1,1995
3696,186,1,1974
4496,195,1,1985
3662,744,2,1980
1821,1217,1,1972
319,725,1,1979
3160,360,1,1981
1556,1672,2,1989
2635,637,1,1961
1478,658,1,1984
762,1069,1,1992
5001,251,1,1988
2872,3351,1,1986
4994,539,1,1971
4548,383,1,1977
4245,291,1,1981
894,654,1,1964
1511,729,1,1978
853,751,2,1978
3308,253,1,1942
1417,483,1,1962
3752,222,1,1979
5061,988,1,1977
2630,1462,2,1993
1048,337,1,1978
3258,240,1,1966
3500,495,1,1953
4506,297,1,1988
1851,2313,1,1981
2173,277,2,1966
1534,258,1,1988
4204,930,1,1993
542,1006,2,1991
3429,436,2,1987
1580,511,2,1969
3935,220,2,1965
2440,148,1,1986
3966,898,2,1989
4703,456,2,1982
2437,679,1,1977
4464,1239,1,1998
1610,597,1,1992
3931,2012,2,1954
1629,406,1,1973
828,1568,2,1968
1801,514,2,1960
2666,509,1,1963
1212,70,2,1980
147,989,1,1980
1154,478,1,1980
161,490,1,1986
881,1586,1,1970
4062,344,1,1966
2254,292,1,1986
748,344,2,1967
5011,214,1,1960
1176,128,2,1979
1628,204,1,1974
4605,131,1,1982
2012,264,1,1951
1752,1373,1,1988
3833,496,2,1968
3693,636,1,1985
3212,344,1,1958
3575,1597,1,1993
1936,223,1,1982
3351,845,1,1983
3086,590,2,1989
2712,315,2,1976
4440,1619,2,1994
548,965,2,1989
4587,604,1,1987
1921,545,1,1982
4131,362,1,1985
2477,285,2,1982
4022,226,1,1960
3501,695,1,1975
4383,646,2,1986
1232,519,2,1984
4254,1088,1,1977
4489,501,1,1990
5164,214,1,1986
2633,466,1,1988
1858,282,1,1995
5370,1972,1,1985
251,240,1,1963
74,549,1,1955
3719,344,1,1957
5295,566,1,1963
3419,423,1,1987
749,168,1,1980
3800,572,2,1982
66,608,1,1994
3820,345,2,1984
2726,394,1,1982
1696,161,1,1956
1915,198,1,1971
311,1438,2,1982
4038,228,1,1983
992,364,1,1984
4047,1089,2,1985
5071,1360,1,1979
4045,1509,2,1984
3319,269,1,1967
4404,154,1,1989
4609,134,2,1965
5321,549,2,1988
3982,366,1,1990
3802,233,1,1979
2249,124,1,1978
3052,438,1,1984
2361,708,2,1978
4204,297,1,1995
4654,848,1,1971
2723,687,2,1995
3785,822,1,1970
4622,218,1,1967
3685,1227,2,1985
2236,563,1,1991
3553,222,1,1990
3940,596,2,1989
1649,483,2,1979
2548,299,1,1990
1902,837,1,1991
4492,294,2,1956
1329,564,1,1986
2158,334,2,1987
2440,147,1,1986
2538,335,1,1984
3381,346,2,1980
3376,278,1,1980
5032,437,1,1982
4062,497,1,1970
3839,370,2,1989
2025,586,1,1978
1184,168,1,1967
1809,178,1,1983
3448,472,1,1969
3315,533,2,1983
445,474,1,1968
4092,776,1,1961
5163,730,2,1975
1181,675,1,1978
2364,565,1,1988
585,1046,1,1989
3351,204,1,1983
1239,505,1,1953
4067,992,2,1975
3695,1207,2,1981
1930,324,1,1991
2121,1753,1,1969
1082,666,2,1982
1628,105,1,1974
4809,492,2,1965
4404,272,1,1975
4805,427,1,1965
3931,265,1,1996
4174,1230,2,1995
427,1044,1,1986
1207,572,2,1986
4011,389,1,1981
3723,354,1,1963
3469,472,1,1990
4315,581,1,1980
1140,1234,1,1995
3491,1077,1,1983
4549,740,1,1985
914,178,2,1987
3382,446,1,1979
2420,1407,1,1976
5240,422,2,1963
4307,823,1,1990
1105,389,1,1970
5020,216,1,1972
334,441,1,1973
3247,572,2,1993
3274,460,2,1990
4999,942,2,1956
678,883,2,1958
3199,192,1,1976
3509,159,2,1994
3117,821,2,1990
1289,1095,1,1974
4530,445,1,1980
1029,2589,1,1986
3485,329,1,1960
5164,342,1,1986
3828,549,1,1981
132,852,1,1989
295,233,1,1991
3098,1245,1,1974
4089,156,1,1981
3918,1521,1,1951
4208,1737,2,1976
4615,518,2,1978
3824,704,1,1975
1587,560,2,1990
1934,431,1,1986
4015,300,1,1981
1805,213,1,1952
1182,555,1,1950
983,527,2,1990
626,713,1,1992
3131,868,1,1982
3509,161,2,1994
3644,243,1,1976
5305,406,2,1981
5295,400,1,1963
3212,285,1,1975
3269,360,1,1983
1066,1150,2,1989
1734,472,2,1983
2979,285,1,1990
1381,342,2,1979
5043,303,2,1981
1743,197,1,1979
250,665,2,1982
4050,1210,1,1995
4799,741,2,1991
2477,345,1,1987
1879,363,1,1978
3281,198,1,1962
1580,192,1,1985
5308,830,2,1982
3920,452,1,1961
1691,216,1,1981
4115,533,2,1978
3083,588,1,1973
1771,971,1,1991
1701,147,1,1989
196,313,2,1980
1698,334,1,1985
844,841,1,1967
4329,547,2,1990
4551,388,1,1967
860,589,2,1977
5153,909,2,1990
1629,824,1,1962
4413,1955,2,1963
2241,259,1,1982
1287,367,1,1994
1818,333,1,1983
1499,544,2,1986
282,347,1,1979
793,248,2,1967
1809,214,1,1985
4563,361,1,1994
648,687,1,1984
5358,377,1,1976
123,290,1,1954
548,412,1,1975
2441,795,1,1994
4999,372,1,1977
4383,1240,2,1986
1394,635,1,1993
3491,101,1,1974
2236,714,1,1980
724,835,1,1986
3669,317,1,1958
4595,1128,1,1993
3517,657,1,1970
391,472,2,1975
2440,429,1,1969
2319,426,2,1966
2105,604,1,1992
474,223,2,1994
1036,771,1,1992
1628,152,1,1974
4642,675,1,1968
408,563,1,1970
4464,1580,1,1998
3266,250,1,1951
872,556,2,1988
5064,859,1,1990
3538,463,1,1975
4334,1356,2,1980
1270,1193,1,1956
2365,502,2,1985
1580,89,1,1993
3820,895,1,1952
1340,689,2,1991
4056,346,1,1990
1882,728,2,1986
4125,288,1,1983
1375,973,1,1961
5159,540,2,1967
5318,471,1,1973
3312,336,1,1985
2124,660,1,1981
944,329,2,1975
3447,616,1,1985
4221,654,1,1964
5032,434,1,1982
4307,713,1,1990
2615,684,1,1971
3256,661,2,1989
4011,315,1,1987
2645,473,1,1991
334,648,2,1989
92,477,1,1987
482,696,1,1964
3118,1293,2,1992
2080,338,1,1978
1212,1271,1,1990
3782,230,2,1987
3319,289,1,1967
4095,206,2,1977
1519,451,1,1963
1401,442,2,1966
1989,269,1,1986
1626,391,2,1987
4313,638,1,1985
3085,377,1,1991
225,393,1,1982
2214,358,1,1993
3351,425,1,1984
195,252,1,1982
1332,1092,1,1983
3600,813,1,1969
1248,373,1,1978
295,488,1,1970
1240,1952,2,1989
5344,306,1,1962
5316,943,1,1960
960,1184,1,1973
2404,1282,1,1978
5148,1658,2,1977
2753,1433,2,1980
3366,239,1,1990
1998,400,1,1981
2286,415,1,1961
2048,1028,2,1968
4752,272,1,1985
2897,335,1,1976
1875,455,2,1970
3524,419,1,1988
2449,333,2,1994
9,1464,2,1962
4005,480,1,1972
1680,355,1,1991
3716,1598,1,1974
3516,464,2,1972
1263,724,2,1997
3884,1294,1,1986
1756,1110,1,1971
3800,223,1,1991
4628,1443,2,1966
4678,445,1,1974
835,826,1,1973
4024,230,1,1974
3785,1534,1,1970
3117,607,2,1990
387,836,2,1960
4448,867,1,1961
4645,871,1,1979
4453,757,1,1985
4274,1509,1,1971
3803,746,1,1988
2405,268,1,1992
1422,439,2,1990
4551,489,1,1969
1394,388,1,1987
3671,672,1,1983
533,386,2,1984
1342,437,1,1990
1428,1455,1,1982
66,251,1,1987
222,161,2,1984
4230,1180,1,1994
2061,457,1,1985
626,1140,1,1992
3688,211,1,1986
4140,542,1,1987
544,1104,2,1990
1408,170,1,1975
754,1135,2,1973
4365,433,1,1974
3448,410,1,1969
74,610,1,1988
2095,749,2,1990
4809,370,1,1991
1577,193,1,1992
4174,326,1,1980
849,293,1,1980
2010,590,1,1984
380,310,1,1993
1019,1098,1,1989
784,228,1,1989
585,701,1,1982
5036,962,1,1955
2274,312,1,1977
559,166,1,1989
4550,325,1,1982
1060,380,1,1980
3887,398,1,1987
2055,646,1,1960
2957,686,2,1963
354,1316,1,1948
2162,1602,1,1991
3281,603,1,1962
1206,470,1,1989
569,983,2,1983
236,573,1,1980
678,841,1,1983
4383,982,2,1986
1119,287,1,1979
4464,875,1,1998
759,227,2,1993
24,326,1,1964
2894,693,1,1990
3485,262,1,1948
1805,263,1,1979
4427,1411,1,1983
4041,893,1,1958
356,289,1,1984
1959,917,1,1984
644,1314,2,1981
840,1520,2,1989
4507,563,1,1984
4824,1248,1,1967
3294,765,2,1989
1956,1731,2,1984
1653,1904,1,1958
4381,1573,1,1977
1140,368,1,1995
464,934,1,1975
1682,1080,1,1985
3759,372,1,1954
1050,1015,2,1964
4994,383,1,1971
506,553,1,1988
2286,216,1,1956
3399,3633,1,1989
3794,568,1,1970
3566,1119,1,1989
5001,182,1,1988
4735,1222,2,1990
853,944,2,1978
3162,534,1,1955
486,215,1,1963
4524,260,1,1983
4460,468,1,1994
2258,391,1,1990
991,248,2,1978
3083,314,1,1967
959,607,1,1957
3509,242,2,1965
4628,304,2,1966
3425,519,1,1974
5043,248,2,1981
828,1328,2,1990
3663,217,1,1985
2347,471,2,1968
881,450,1,1970
3036,553,1,1996
3766,785,1,1995
5318,858,1,1973
3485,130,1,1993
3308,222,1,1980
548,414,1,1975
2165,3570,2,1991
1270,1248,1,1956
3577,504,2,1969
3992,337,1,1987
4595,220,1,1954
1151,218,1,1986
4550,346,2,1982
2121,819,1,1983
2403,203,2,1983
4310,661,1,1976
4307,225,2,1982
3156,1260,1,1988
650,694,1,1972
3662,174,1,1980
886,1019,1,1966
3516,458,2,1972
1080,485,1,1974
3982,238,1,1982
1912,687,1,1985
3915,555,1,1985
2686,422,1,1982
3103,291,1,1987
3538,220,1,1974
4373,306,1,1967
791,652,1,1986
5338,71,1,1981
342,815,2,1961
1664,816,1,1961
5169,1382,1,1953
1764,459,1,1983
380,670,2,1985
2405,911,1,1992
4585,313,2,1991
4099,329,1,1984
2268,770,1,1987
1408,499,1,1975
3524,556,1,1990
4046,465,2,1988
2875,467,1,1982
924,1292,1,1976
3385,447,1,1967
2819,2161,1,1981
234,1585,2,1989
3360,709,1,1981
1632,711,1,1978
3719,398,1,1957
4542,927,1,1981
3837,959,1,1955
648,933,2,1982
3629,355,1,1996
1105,1095,2,1984
3644,299,1,1976
1887,445,1,1975
1444,509,2,1982
2314,206,1,1989
3381,332,1,1983
1157,933,1,1988
5334,715,1,1968
1734,523,2,1983
112,671,1,1985
4569,2919,2,1982
4089,179,1,1981
1883,86,1,1986
2055,879,2,1990
3794,544,1,1977
4464,919,1,1998
4352,591,2,1988
3671,800,2,1980
3090,1377,1,1979
718,588,2,1990
2830,562,2,1984
4369,633,2,1977
4038,238,1,1983
4497,958,1,1989
3486,1033,1,1972
5318,253,1,1968
759,236,2,1993
3210,242,2,1993
1735,219,1,1982
2218,165,1,1989
1306,1481,2,1957
1066,1272,2,1989
1060,411,1,1980
4404,243,1,1978
5057,846,1,1965
5064,344,1,1987
1699,197,1,1995
455,243,1,1963
3362,290,1,1981
1314,942,2,1986
3528,301,1,1985
1995,1629,2,1989
4124,307,1,1980
747,918,1,1986
766,454,1,1967
952,715,2,1964
1956,1036,2,1984
264,229,1,1987
3176,1190,2,1962
2441,432,1,1988
5321,991,1,1966
2405,353,1,1972
1934,426,1,1986
305,239,1,1998
293,245,1,1981
170,281,2,1979
4315,262,1,1991
5159,671,1,1972
2328,363,2,1989
5357,368,1,1985
1384,731,1,1966
3522,1418,2,1981
2471,917,1,1961
180,381,1,1984
1240,971,2,1962
2352,609,2,1989
1660,821,1,1986
465,999,1,1961
5067,1075,1,1974
3162,166,1,1977
3565,160,1,1991
5314,1329,2,1977
3908,825,1,1976
4636,1335,1,1972
1511,877,2,1989
1176,100,2,1979
1214,1147,1,1988
4501,168,1,1996
5319,1573,1,1991
835,913,1,1978
4307,729,1,1988
1659,166,1,1989
2712,450,1,1975
2167,669,1,1968
1848,502,1,1973
4052,1493,1,1970
998,240,1,1990
3685,563,1,1970
2975,669,1,1992
161,568,1,1987
428,322,2,1964
3513,683,1,1991
2418,617,2,1977
2942,418,2,1989
378,827,1,1985
3157,343,1,1984
4638,538,1,1960
2440,399,1,1982
4831,1380,2,1971
1527,446,1,1980
250,445,1,1990
687,440,1,1990
3842,440,1,1991
464,1115,2,1986
371,450,1,1968
1883,346,1,1989
4693,269,2,1958
828,493,1,1984
2425,488,1,1979
4065,143,2,1988
143,298,2,1986
4551,493,1,1968
1887,272,2,1986
4233,850,2,1977
2471,352,1,1961
872,923,1,1985
90,326,1,1984
3569,1260,1,1948
3547,845,1,1955
1655,147,1,1950
3796,211,1,1986
5157,1453,1,1962
4168,685,1,1952
4458,146,1,1997
762,431,1,1988
4135,548,2,1990
1885,570,1,1988
4260,1304,1,1985
1792,362,1,1970
2336,8243,1,1956
4785,466,2,1995
968,491,1,1971
1306,598,2,1973
1529,651,1,1987
670,442,1,1990
3274,380,2,1990
4314,303,1,1990
3985,503,2,1976
3464,119,1,1972
118,833,1,1988
4169,142,1,1975
4444,515,1,1953
4464,1011,1,1998
3258,312,1,1976
3308,485,1,1982
3921,529,2,1982
2465,507,1,1957
5007,260,1,1975
3937,529,1,1984
3092,297,1,1971
1762,907,1,1961
3705,1976,1,1958
3351,1116,1,1984
3111,1623,1,1992
4308,440,2,1979
354,2182,1,1948
1664,970,2,1961
2838,151,2,1958
5169,170,2,1984
4154,1792,1,1958
3999,402,1,1980
92,2103,1,1984
2565,333,1,1972
235,512,1,1975
538,527,1,1987
1848,435,2,1965
310,568,2,1986
3886,501,1,1976
2077,1395,2,1991
4010,5837,2,1969
2114,889,1,1985
4548,401,1,1970
391,335,2,1987
4327,809,2,1984
4221,671,1,1964
3846,234,1,1964
502,207,1,1989
1302,656,1,1991
5151,473,1,1970
378,246,1,1985
613,257,1,1972
5075,277,1,1988
3052,449,1,1984
1764,712,1,1973
4354,665,1,1986
1342,956,1,1990
5057,417,1,1982
2647,361,1,1973
4713,1263,1,1980
2286,867,1,1956
3878,885,1,1992
1934,582,2,1989
1921,271,1,1982
1987,614,1,1984
4229,2763,1,1976
1422,1024,2,1990
2928,372,1,1967
2819,485,1,1951
5153,1012,1,1990
932,488,1,1985
356,451,1,1974
24,539,2,1975
5344,301,1,1962
2310,685,1,1987
791,171,1,1962
4339,416,1,1955
4458,333,1,1997
3027,494,1,1956
4566,507,1,1992
4334,943,2,1980
4437,257,1,1983
1115,362,1,1985
2061,227,2,1990
3315,522,2,1983
2229,751,1,1981
3233,313,1,1984
3797,1132,1,1980
1944,491,2,1991
711,389,2,1984
346,346,1,1985
2305,493,1,1970
4615,409,2,1978
2429,879,1,1964
4073,566,2,1994
4168,885,1,1952
300,906,1,1992
5060,917,2,1986
4111,953,2,1974
766,195,1,1967
1581,444,1,1976
1810,1573,1,1987
1815,619,2,1987
2958,537,1,1979
2620,460,1,1980
370,625,1,1987
1842,546,2,1989
873,159,2,1994
2158,497,2,1987
4437,128,1,1982
3082,296,1,1960
30,373,1,1980
4308,373,1,1981
665,445,1,1985
118,802,1,1988
3394,1013,1,1984
1157,565,1,1994
5031,654,2,1968
2986,623,1,1973
4422,1612,2,1983
3724,531,1,1969
387,637,2,1960
4645,643,1,1979
1734,1016,1,1977
4065,345,1,1982
2928,329,1,1975
267,719,1,1988
4661,305,1,1980
5032,583,1,1968
5169,304,2,1984
257,495,2,1982
43,756,1,1978
485,430,2,1985
1887,411,1,1945
4089,580,1,1955
538,138,1,1989
4313,354,1,1977
509,231,1,1993
2076,556,2,1995
855,674,1,1968
2617,345,1,1990
3884,725,2,1962
3036,948,1,1996
4599,536,1,1989
844,596,1,1967
5067,251,1,1948
1629,605,1,1962
4703,395,1,1996
4061,1815,1,1980
2364,622,2,1967
3103,288,1,1987
4315,158,1,1978
4373,1460,1,1979
304,449,1,1973
3978,971,2,1976
2838,962,1,1995
3705,1074,1,1994
1987,447,1,1988
3873,1212,1,1972
5358,308,1,1976
2147,361,1,1972
528,216,1,1968
3163,486,2,1991
1805,264,1,1973
3886,662,1,1993
446,167,1,1985
3683,148,1,1985
3600,823,1,1969
2933,212,1,1951
3235,493,1,1984
3969,1023,1,1958
4052,1190,1,1970
3192,154,1,1997
3590,502,1,1984
4992,434,1,1986
46,859,2,1990
5074,1111,2,1995
610,908,1,1975
4497,708,2,1978
4131,287,1,1987
3544,354,1,1980
3351,1304,1,1984
3662,1432,2,1987
3800,674,1,1976
1764,286,1,1980
3828,1336,1,1981
4636,894,1,1972
3350,516,1,1958
2228,590,1,1958
2145,790,1,1982
3389,2239,2,1962
118,659,1,1988
2565,323,1,1972
4050,1354,1,1986
5043,493,1,1972
4268,1575,2,1971
4404,1263,1,1989
1140,128,1,1999
2909,397,1,1993
2977,272,1,1993
693,347,1,1963
4746,343,1,1994
927,1058,1,1987
4496,294,1,1989
2712,341,1,1987
4545,7046,1,1961
643,280,1,1976
1046,803,2,1982
4004,533,1,1989
3829,1443,2,1949
3278,328,1,1987
5359,497,2,1984
4230,868,2,1962
1937,772,1,1990
3381,441,1,1985
3599,642,1,1972
346,353,1,1985
3247,1083,2,1998
702,174,1,1995
4994,393,1,1971
2958,970,2,1979
4099,237,2,1965
4062,598,1,1968
4129,383,1,1990
687,393,1,1990
3842,404,1,1991
1405,199,2,1984
3085,1763,1,1991
2826,589,1,1990
585,748,1,1976
208,456,1,1989
3473,526,2,1957
3559,964,1,1986
3565,193,1,1991
1673,295,1,1984
2382,2638,2,1987
2830,478,1,1978
1369,461,1,1981
4018,502,1,1989
443,656,2,1981
354,1904,1,1948
4124,432,1,1984
5358,275,2,1962
347,826,2,1976
3110,943,1,1974
3287,1034,1,1977
843,385,1,1959
1527,1319,1,1981
2440,1327,1,1982
3992,386,1,1987
5020,184,1,1966
5487,1270,2,1985
1520,400,1,1979
2305,1466,1,1970
2915,223,1,1992
2438,293,1,1985
3233,255,1,1984
2520,1967,1,1975
3036,1134,1,1996
370,472,1,1962
4773,558,1,1988
2449,213,2,1993
4354,1516,1,1986
4509,247,1,1996
3308,420,1,1982
702,246,1,1995
4298,441,1,1992
2245,464,1,1944
3631,853,1,1984
4316,325,2,1992
4313,1103,1,1983
2274,1540,1,1985
4125,1176,1,1950
4693,179,2,1958
4131,437,1,1985
3705,1271,1,1958
118,982,1,1988
3340,653,1,1986
3635,1138,2,1983
2860,835,2,1971
891,1693,2,1977
1468,550,2,1958
4299,379,1,1973
4063,1681,1,1973
3985,2599,2,1976
300,387,1,1976
1384,1199,1,1986
3678,215,2,1989
651,464,1,1948
2476,699,1,1980
378,1123,1,1985
2987,1196,2,1992
2155,241,1,1980
2471,1163,1,1961
354,313,1,1988
13,932,1,1992
953,314,1,1987
2633,697,1,1990
2692,503,1,1972
66,496,1,1956
4741,656,1,1989
1043,422,1,1982
3683,1161,1,1976
1881,400,1,1951
2245,361,1,1988
1082,571,1,1988
610,1383,1,1975
2346,1871,1,1979
2713,253,1,1973
2286,404,1,1973
1684,769,2,1961
2228,398,1,1969
1048,671,1,1989
2520,692,1,1975
4605,492,2,1964
163,1456,1,1983
3572,1312,1,1985
784,350,1,1966
1780,425,1,1980
2838,862,1,1958
2274,582,1,1985
3110,909,1,1974
1480,693,2,1990
1314,893,2,1986
3143,3320,1,1981
1882,367,2,1986
1308,396,1,1961
3418,3348,2,1979
4018,693,2,1991
3266,400,1,1990
4999,3173,1,1991
5075,173,2,1962
3985,546,2,1976
5333,481,1,1991
4626,488,1,1972
495,267,1,1945
1842,190,2,1988
4052,517,1,1990
4444,606,1,1971
5358,839,1,1968
1525,371,1,1968
1524,1329,2,1993
941,347,1,1972
3749,217,1,1958
2524,894,1,1955
1664,654,1,1980
5163,271,1,1990
465,1347,2,1987
2913,527,1,1981
4354,933,1,1986
3829,1494,2,1949
3458,2892,2,1972
2394,937,1,1994
2061,510,1,1989
894,557,1,1967
1438,1516,2,1982
2875,522,1,1976
528,398,1,1968
5074,1249,1,1953
1046,1683,2,1982
3665,987,1,1991
1329,619,2,1978
2814,825,1,1992
4618,203,2,1989
4443,223,2,1982
1675,892,1,1993
1212,1288,2,1968
5377,608,1,1984
4829,829,1,1967
3235,1181,2,1992
4194,349,1,1958
3115,686,1,1983
3210,1191,2,1993
1684,632,1,1988
83,2066,1,1990
3985,473,2,1976
849,249,1,1983
4074,72,1,1973
4050,1239,1,1969
777,292,1,1958
366,309,2,1959
933,609,1,1979
4506,524,2,1994
3098,570,1,1983
3654,1002,1,1974
4137,521,1,1987
4125,672,1,1942
1779,425,1,1982
5020,494,1,1966
1332,299,2,1989
2609,666,2,1970
2154,356,1,1952
622,160,1,1974
4099,852,2,1988
1327,1020,1,1981
2305,362,2,1974
43,499,1,1955
4478,208,1,1988
2617,867,1,1966
3013,339,1,1991
3122,672,1,1982
4124,262,1,1954
505,784,1,1999
354,226,1,1988
2112,730,2,1984
2692,394,1,1972
4039,298,1,1994
3518,151,2,1983
1394,1217,2,1957
3156,192,1,1988
2121,1234,1,1961
1527,1349,1,1968
2791,750,1,1984
2620,432,1,1980
2360,1251,1,1989
3381,1674,1,1990
2928,510,1,1967
216,1006,1,1955
3749,264,1,1958
1327,234,1,1981
829,528,1,1962
2162,628,1,1985
1480,679,2,1995
2028,506,2,1990
3695,1093,1,1986
1384,421,2,1984
1917,431,1,1967
644,299,1,1953
1500,425,1,1980
2274,544,1,1985
1329,501,1,1948
1628,1089,1,1973
2500,667,1,1978
5367,412,1,1991
4568,1387,2,1984
3348,554,1,1978
3685,560,1,1985
5075,420,1,1983
3489,561,2,1981
3892,1433,1,1982
2239,595,1,1966
4500,432,2,1980
4157,713,2,1968
2101,517,2,1977
1134,521,2,1979
506,923,1,1980
1847,533,1,1964
9,2597,2,1962
4104,205,1,1990
1879,470,1,1972
2838,128,1,1990
688,929,1,1970
380,206,2,1985
894,1168,1,1967
2435,637,2,1978
2262,324,1,1965
525,221,1,1982
5164,419,2,1987
4638,900,2,1981
4373,1345,1,1979
486,947,1,1976
2666,1924,2,1947
5157,702,1,1988
2686,556,1,1987
3829,1297,2,1949
48,906,1,1990
5007,1416,1,1992
1205,214,2,1986
4393,642,1,1988
2924,1623,1,1985
3908,276,1,1976
2829,581,1,1980
2863,340,1,1959
5015,436,2,1987
1157,272,2,1984
4392,295,1,1993
484,302,1,1961
3678,328,1,1992
3782,331,2,1979
2374,349,1,1990
3532,469,1,1982
3766,738,2,1988
5314,1237,2,1977
378,1977,1,1985
621,413,1,1972
2635,1010,1,1967
1428,304,1,1991
1949,774,1,1980
4752,595,1,1979
1513,791,1,1980
1734,952,1,1969
904,1453,1,1984
3348,546,1,1978
1192,677,1,1965
2505,1619,2,1994
1344,313,1,1987
1082,350,1,1988
131,597,2,1985
2424,496,2,1986
5333,1191,1,1973
671,1143,1,1973
609,799,1,1983
1468,374,2,1958
3921,554,1,1977
1675,1500,1,1993
4527,212,1,1976
829,505,1,1955
90,335,1,1981
1875,463,1,1965
2786,319,1,1994
2222,177,1,1987
3668,2755,1,1979
1917,324,1,1967
2830,400,1,1989
3364,215,1,1993
2588,252,1,1980
938,800,1,1961
1936,510,1,1985
4067,275,1,1986
3813,255,1,1993
294,248,1,1961
4105,954,1,1992
2228,614,1,1986
4638,622,1,1989
1743,486,2,1986
1810,570,1,1988
1408,1156,2,1985
3829,677,2,1949
904,326,1,1964
2341,1558,2,1988
5030,325,1,1974
793,454,1,1975
1684,1400,1,1988
4500,417,2,1980
4201,127,1,1990
4125,1557,1,1942
648,262,1,1975
3283,614,1,1954
3485,1310,1,1991
2585,548,1,1954
714,315,1,1959
778,833,1,1993
50,226,1,1972
3729,1457,1,1979
1514,879,1,1973
428,825,2,1983
102,726,1,1995
4546,485,1,1965
1480,1286,2,1995
3897,325,2,1981
3246,298,1,1978
2671,756,1,1983
2635,388,1,1970
48,1008,1,1990
894,1104,1,1967
378,790,1,1985
5173,448,1,1991
2404,1262,1,1975
1157,261,2,1978
370,468,1,1962
2936,431,1,1983
1697,175,2,1988
1212,630,2,1959
1949,879,1,1980
1804,425,1,1989
991,1819,1,1981
2435,718,2,1978
2162,1317,1,1985
50,170,1,1972
1847,396,1,1964
3908,1023,1,1976
855,1051,2,1974
4344,1136,2,1985
453,1274,1,1992
1905,1543,1,1950
1254,650,1,1954
4713,970,1,1980
4568,184,1,1982
1622,584,1,1986
619,716,1,1978
2763,446,1,1995
1830,880,1,1961
5295,968,1,1975
1134,1361,2,1995
3953,85,1,1970
3609,2682,2,1972
1068,275,2,1970
1912,921,2,1985
3634,559,1,1975
4166,956,1,1975
2529,404,2,1976
1099,940,2,1957
4125,539,1,1942
5078,227,1,1985
4299,807,1,1971
3351,811,1,1950
3278,252,2,1980
2258,690,1,1975
2754,722,2,1994
4363,882,2,1986
4595,666,2,1984
2791,352,1,1988
77,342,1,1978
959,649,1,1984
168,472,1,1984
1046,1196,2,1986
1000,296,2,1983
772,691,1,1964
1892,697,1,1973
1831,738,1,1977
629,752,1,1989
147,1791,2,1981
3613,788,1,1971
1684,855,1,1988
2671,454,1,1992
4017,586,2,1985
1454,545,1,1965
3448,476,1,1993
1105,182,1,1968
1050,387,2,1975
250,279,2,1995
953,409,1,1965
43,376,1,1985
1653,1047,2,1989
4492,1045,2,1981
3908,695,1,1976
4137,688,2,1974
4506,706,1,1975
3156,170,1,1988
2967,962,2,1989
4609,345,2,1989
2015,1489,1,1986
3694,617,1,1934
4361,319,1,1977
3690,523,2,1993
4671,807,2,1987
3786,432,1,1978
1669,502,2,1958
2162,130,1,1985
4392,488,2,1994
988,881,1,1987
5015,1166,2,1960
2617,569,2,1973
4763,629,1,1962
1140,518,1,1973
747,879,1,1986
4563,413,1,1977
1019,509,1,1990
4273,421,1,1973
13,1079,1,1950
642,1621,1,1981
408,464,2,1958
4040,1255,2,1944
4104,423,1,1991
2359,1102,1,1988
4017,313,1,1986
4642,371,1,1980
971,119,1,1985
2025,674,1,1991
3458,586,1,1967
3246,764,1,1956
1314,166,1,1990
48,518,2,1985
1504,232,2,1956
4346,490,1,1971
3312,480,1,1982
894,1161,1,1967
4075,1347,1,1992
2040,518,1,1976
754,1240,1,1960
4230,252,1,1985
684,326,1,1986
1394,846,2,1957
4692,557,1,1989
148,725,1,1957
1809,423,1,1971
5333,1132,1,1973
609,454,1,1983
527,668,1,1986
481,862,1,1978
42,1303,2,1983
1165,599,1,1985
3036,939,1,1989
2015,482,1,1986
146,1017,2,1986
5367,473,1,1991
434,214,1,1989
4403,115,1,1960
954,1143,1,1964
4382,1299,1,1988
2671,216,2,1990
4258,311,1,1971
3837,474,1,1984
3786,276,1,1959
4384,816,1,1989
4584,144,1,1987
1438,1656,2,1982
3255,405,1,1955
149,1096,1,1970
1480,1423,2,1995
1095,319,1,1984
4399,216,2,1956
2155,301,1,1980
4272,726,1,1994
5046,482,1,1977
1789,428,2,1964
991,1492,1,1981
5338,405,1,1987
1233,14434,1,1979
5007,351,1,1991
2799,422,1,1960
74,337,1,1981
4825,119,1,1976
2957,1209,1,1988
3920,822,1,1977
4371,345,1,1992
3832,345,1,1993
3792,965,1,1986
4423,415,1,1983
465,1032,2,1983
875,565,1,1961
3281,923,2,1986
2443,182,1,1962
2525,352,1,1959
2640,1479,1,1976
1260,534,1,1996
1242,1032,2,1962
4657,810,1,1993
3372,427,2,1977
1384,909,1,1985
3240,714,1,1995
1246,1151,2,1980
493,1067,2,1989
2920,950,1,1989
3414,1192,1,1990
2989,360,1,1982
3653,405,2,1988
2513,876,1,1984
5040,423,2,1962
1335,844,2,1970
3127,501,2,1990
5050,490,1,1981
2274,270,2,1960
2620,712,1,1987
470,268,2,1961
1536,2490,1,1987
3116,142,1,1988
2031,278,1,1971
2763,415,2,1960
4040,452,1,1972
2294,1017,1,1967
3668,897,1,1986
2913,834,1,1957
1847,388,1,1974
2040,525,1,1986
3054,485,1,1993
2704,834,1,1973
502,950,1,1980
4314,769,1,1950
378,1948,1,1985
2733,396,1,1981
886,1483,1,1962
1511,1323,1,1950
5055,244,1,1985
528,1168,1,1968
4166,458,1,1958
4781,601,2,1985
3156,124,1,1988
24,584,1,1983
4418,559,1,1982
4219,1492,2,1982
4050,1068,1,1969
4183,626,1,1989
5350,384,2,1963
894,971,1,1967
1669,1285,2,1958
1235,1466,2,1972
2593,122,1,1970
991,543,1,1981
1902,605,2,1984
5308,331,1,1972
3813,564,1,1984
4099,1479,1,1975
1983,433,1,1954
4313,1112,1,1983
1308,267,1,1961
829,825,1,1983
1105,191,1,1989
2863,377,1,1989
2617,632,2,1973
1048,740,1,1989
737,289,1,1959
1260,533,1,1976
4125,1501,1,1990
1193,400,1,1986
2612,1262,1,1986
1369,620,1,1983
88,1065,1,1961
2277,274,2,1985
1461,314,1,1992
43,754,1,1988
4305,765,1,1965
178,555,1,1959
4346,673,2,1984
3344,180,1,1961
4448,266,1,1975
350,67,1,1960
5169,414,1,1989
3635,826,2,1965
3727,502,1,1977
2780,886,1,1976
3149,1064,2,1960
2286,363,2,1981
4542,1408,1,1965
3900,522,2,1974
3100,845,2,1995
5151,572,1,1970
4763,604,1,1967
886,390,2,1985
5137,1006,2,1973
2569,587,1,1978
3664,1100,1,1982
4283,594,1,1976
5370,803,2,1978
1438,863,2,1982
2975,387,1,1954
1557,393,1,1987
3715,453,2,1991
2560,993,2,1986
188,1706,1,1979
3347,271,2,1982
3703,1007,2,1968
2097,1275,2,1986
1804,1006,2,1990
4627,542,1,1983
3908,1861,1,1976
2217,633,1,1990
1581,1125,1,1967
1047,690,1,1982
2272,1301,1,1981
1984,372,1,1988
1079,466,1,1959
3015,288,2,1989
3308,624,1,1989
5338,1197,1,1987
894,637,1,1967
3534,697,2,1982
1242,592,1,1975
3348,962,2,1988
2015,835,2,1989
3458,1731,1,1967
610,495,1,1982
3634,1151,1,1987
2098,859,1,1983
544,767,1,1988
5302,415,1,1979
3782,221,2,1979
3180,1478,1,1978
4418,402,1,1982
2443,1036,2,1981
2463,400,1,1966
3374,548,1,1980
1212,1534,2,1982
225,443,2,1985
893,768,1,1989
170,1483,1,1984
1414,85,1,1985
3784,528,1,1978
2783,1091,1,1985
2875,330,1,1984
3796,155,1,1984
867,1459,1,1985
710,470,1,1979
3904,344,1,1990
2640,1357,1,1976
3194,1174,1,1990
3920,761,1,1977
3533,882,1,1980
131,656,2,1977
3774,1000,1,1997
1557,252,1,1987
3560,843,1,1984
3251,1198,1,1980
3550,1027,2,1968
954,1121,1,1985
2979,382,2,1985
574,527,1,1981
4124,645,1,1981
2338,458,1,1981
443,322,1,1971
1468,253,1,1985
3919,670,1,1986
3935,569,2,1968
