1508,190,1,1993
3076,1082,1,1992
1083,446,2,1992
4050,1466,2,1986
1077,1579,1,1987
5256,449,1,1986
4040,818,1,1991
2648,380,1,1984
2942,362,1,1991
5800,412,2,1988
1166,1296,1,1990
1606,1183,1,1991
3418,635,2,1986
2131,236,2,1989
4921,232,1,1988
5287,518,1,1981
4634,291,1,1993
2590,672,1,1981
230,395,1,1992
1370,478,1,1982
3209,588,2,1987
3913,595,1,1987
4346,914,1,1982
1206,217,1,1987
4545,1877,1,1988
3240,138,1,1989
2136,1582,1,1972
972,548,1,1990
304,1078,1,1993
3976,142,1,1985
5677,691,1,1986
5783,206,1,1983
5169,231,1,1985
659,2301,1,1988
96,251,1,1992
5138,472,2,1988
1557,374,1,1995
4793,272,1,1983
446,1153,2,1971
5878,1446,1,1987
4089,356,1,1961
4842,340,1,1982
5037,286,1,1984
4046,504,1,1990
1797,966,1,1984
2060,414,1,1988
4637,425,1,1992
4225,916,1,1980
4681,1836,1,1989
5681,1229,1,1985
5286,1553,1,1994
2740,419,1,1984
98,860,2,1988
5448,244,1,1975
2793,212,1,1989
3719,1424,1,1991
4729,1084,2,1970
2155,1510,1,1981
4514,1080,1,1986
5229,1620,1,1968
638,1341,2,1966
57,139,2,1968
92,636,1,1978
1559,169,1,1986
3863,695,2,1985
1036,1592,1,1984
5825,417,1,1978
2419,1032,1,1981
2702,1618,1,1983
3474,818,1,1975
4383,468,1,1978
1817,825,1,1986
4455,723,1,1989
1077,1165,1,1977
1801,301,2,1988
3663,545,1,1982
5305,1158,1,1988
1048,623,1,1985
4347,1070,1,1994
5038,1014,1,1984
1606,1018,2,1991
3741,2019,1,1988
2268,6284,1,1990
1784,122,1,1981
4057,506,1,1979
3849,1517,1,1984
5066,137,1,1982
2969,1519,1,1972
4509,920,1,1990
2005,521,1,1986
41,730,1,1983
3765,1146,1,1982
2659,562,1,1991
3918,581,2,1992
4162,866,1,1991
4857,814,1,1987
2519,611,1,1992
1367,1006,2,1973
613,1333,1,1991
4089,1043,1,1971
3801,1590,1,1991
364,530,2,1986
2987,385,1,1986
4675,1424,1,1989
3967,530,1,1962
3674,333,1,1980
665,219,1,1992
1723,645,2,1984
216,691,1,1986
1679,881,1,1987
1590,438,2,1990
3275,4246,1,1994
2764,1394,1,1970
3158,1317,1,1980
1793,472,2,1991
4046,775,1,1988
1902,785,2,1983
5668,1355,2,1985
4921,1176,1,1978
5772,959,2,1989
3125,424,1,1987
2593,1061,1,1960
4042,366,1,1992
764,679,1,1996
2724,174,2,1989
5031,485,1,1985
5334,594,1,1988
4329,1009,1,1984
1050,1354,2,1981
3719,1359,2,1980
5237,387,1,1981
3695,421,1,1966
4504,1396,1,1976
5218,1547,2,1988
2121,1550,1,1980
4383,539,1,1984
5231,1024,1,1997
4363,634,1,1989
4521,647,1,1983
1556,262,1,1981
4907,514,2,1983
3726,731,2,1987
4162,447,1,1993
3989,285,1,1985
2034,976,1,1982
1437,189,1,1989
4415,1313,2,1990
5444,383,1,1969
2010,213,1,1978
4613,626,2,1981
1428,1373,2,1987
304,1418,2,1963
3749,1350,2,1990
3303,1200,2,1993
3103,1400,1,1991
3473,196,1,1994
1549,1398,1,1972
340,1403,2,1991
5706,297,1,1994
1801,1212,2,1983
2251,243,1,1983
2676,616,1,1989
3097,1425,1,1984
2631,1149,1,1974
4950,186,1,1952
5821,231,2,1964
5273,1338,2,1962
5864,1363,1,1960
1633,457,1,1967
5896,1653,1,1985
4649,480,1,1967
4408,701,1,1988
2106,577,1,1996
3471,627,1,1993
888,1181,2,1971
653,423,2,1992
4033,194,1,1985
5868,868,1,1987
4241,235,1,1990
1906,1417,2,1963
222,466,1,1956
4797,1454,2,1961
5885,381,1,1990
3158,945,1,1990
5499,1126,1,1984
5715,577,1,1983
4886,902,1,1969
3275,660,1,1994
2099,969,1,1984
834,1018,1,1987
2915,1474,1,1986
4142,974,2,1994
4250,492,1,1989
5570,1016,1,1989
1000,542,1,1965
4593,1004,1,1987
4819,467,1,1981
4383,855,1,1966
5519,547,1,1988
2421,972,1,1988
5877,1331,1,1984
4619,289,1,1988
3500,680,2,1986
2764,1388,1,1970
4905,386,1,1968
327,943,1,1969
1716,327,2,1987
1423,544,1,1967
175,439,2,1979
3391,343,2,1966
4954,1047,1,1981
3240,156,1,1989
1905,357,1,1979
5037,323,1,1984
3379,590,1,1987
5329,941,1,1981
1144,1155,1,1982
4136,638,2,1985
2916,597,2,1987
3873,925,1,1993
425,436,1,1990
3265,660,1,1980
2949,1246,1,1968
5183,707,2,1988
1339,212,1,1992
4965,519,2,1990
2121,1384,1,1980
2607,570,1,1985
5218,1391,2,1988
4347,306,2,1992
3377,332,1,1974
744,790,2,1993
4826,792,1,1992
724,226,2,1988
838,672,2,1985
1938,647,1,1995
5575,709,1,1990
148,708,2,1990
1790,227,1,1970
2572,1591,1,1980
5677,400,1,1991
3752,291,2,1973
1339,130,1,1992
579,188,1,1966
5353,439,2,1992
1926,213,1,1987
41,565,1,1987
5138,1390,2,1981
992,1181,2,1988
817,853,1,1986
1480,270,2,1992
4475,214,1,1991
3741,429,1,1988
5821,645,2,1982
4031,1000,2,1988
2910,347,1,1988
5123,297,1,1976
3595,1475,2,1987
1337,1655,1,1972
4264,908,1,1988
3104,579,1,1981
2406,552,1,1990
2583,1071,1,1986
729,911,2,1991
1841,547,1,1989
4654,254,2,1981
2382,362,1,1975
3148,1422,1,1983
2800,296,1,1992
2826,570,1,1987
1396,920,1,1982
3500,786,2,1986
5530,273,1,1993
468,685,1,1993
4713,1006,1,1985
3076,905,1,1989
4398,1040,2,1989
327,814,2,1994
1708,605,1,1980
1370,348,2,1979
4163,1448,1,1992
653,211,1,1990
30,644,1,1990
2555,651,1,1988
3831,600,1,1988
5021,680,1,1994
2734,344,1,1972
403,2182,1,1987
2346,63,2,1984
1831,338,1,1989
2659,668,1,1986
1827,198,1,1982
4630,129,1,1988
4381,906,1,1991
1957,410,1,1976
5772,1350,2,1987
1556,913,1,1981
2157,1719,1,1993
3158,936,1,1984
4621,1947,1,1985
867,1197,1,1981
4017,803,2,1976
494,870,2,1994
5581,357,1,1986
2441,1179,1,1991
838,819,2,1985
3741,431,1,1975
5598,771,2,1968
57,455,1,1985
1364,447,1,1988
133,1151,2,1984
1480,353,2,1992
957,392,1,1986
5796,481,1,1982
1165,475,2,1986
3107,1653,2,1989
4142,1646,2,1994
2550,1106,1,1987
3104,432,1,1969
810,575,1,1990
5874,520,1,1963
620,1358,1,1993
4140,1299,1,1990
5549,312,1,1993
776,267,2,1987
3323,267,1,1987
4388,343,1,1986
5715,539,1,1993
1401,787,1,1991
3865,397,1,1995
3821,613,1,1967
3271,480,1,1986
207,432,1,1989
2881,1595,1,1986
3015,465,2,1978
3454,736,1,1987
4882,481,1,1985
5548,1338,2,1990
75,150,1,1990
1092,495,2,1986
3915,581,1,1980
2595,409,1,1990
1305,607,2,1982
2797,904,2,1968
3561,555,1,1982
3650,955,1,1989
3696,1159,1,1979
5277,1581,1,1963
5811,304,2,1993
5448,1266,2,1992
2005,402,1,1994
1738,1603,2,1963
1611,1078,1,1992
4221,659,1,1985
1801,1290,2,1991
3148,385,1,1971
4217,270,1,1961
2643,736,1,1979
5296,426,1,1989
5717,1371,1,1986
5605,421,1,1971
898,1005,1,1978
4243,1119,1,1989
4958,754,1,1966
3103,798,2,1986
3193,723,2,1990
3887,157,2,1993
5841,430,1,1990
2812,158,1,1987
4949,882,1,1982
236,379,2,1993
1154,1446,2,1986
5865,1419,2,1982
2343,203,1,1992
5710,1474,1,1986
5534,495,1,1988
2130,317,2,1988
2714,270,1,1988
2382,853,1,1987
85,867,2,1987
2759,551,1,1987
3700,487,1,1991
4573,868,1,1978
867,671,1,1981
1956,889,2,1980
5237,770,1,1964
468,1131,1,1993
3275,2309,1,1994
1831,475,1,1985
4640,179,1,1991
4203,549,2,1964
729,1297,2,1991
696,645,1,1972
1770,1044,1,1988
4987,461,1,1979
3633,438,2,1962
651,837,2,1987
2529,272,2,1977
5783,151,1,1983
41,1521,1,1987
995,505,1,1993
2155,616,2,1993
4699,1181,1,1987
4563,524,1,1969
5311,662,2,1989
5599,898,2,1991
648,428,1,1986
5216,134,1,1989
1337,959,1,1989
1228,351,1,1974
3134,955,1,1987
4907,583,2,1983
4140,578,1,1982
5470,1159,2,1985
5561,1019,1,1989
796,1074,1,1989
5839,715,1,1990
1556,807,1,1981
3377,377,1,1991
1517,582,1,1987
1723,516,2,1988
817,523,1,1989
4481,1248,1,1993
3760,242,1,1972
1761,263,1,1985
3479,1833,2,1971
5061,885,1,1986
4422,364,1,1994
2714,404,2,1977
2783,637,2,1978
5732,1091,1,1982
2346,1255,2,1984
5262,1021,1,1987
639,1404,2,1984
2306,1404,1,1986
1144,1509,1,1982
5783,327,1,1993
1465,685,1,1995
4838,747,2,1975
999,749,2,1963
4675,580,1,1976
5780,1012,1,1990
459,350,2,1986
5450,630,1,1990
1433,1452,1,1992
2869,494,1,1991
5296,608,1,1990
4346,938,2,1986
4083,183,1,1981
1480,339,1,1989
1228,387,1,1974
1987,458,2,1991
4582,502,1,1975
3033,375,2,1988
5504,1076,2,1991
2801,1245,1,1974
3863,986,2,1977
867,793,1,1981
4292,320,1,1971
4033,632,1,1985
1917,892,1,1991
538,1690,1,1984
1364,808,2,1990
2142,1001,1,1954
1360,490,1,1990
524,916,1,1990
2650,414,2,1986
4675,158,2,1963
5237,888,1,1964
92,800,1,1992
2214,982,1,1966
1327,549,1,1988
5280,1498,1,1985
3538,377,2,1989
30,330,1,1969
5628,932,1,1971
1661,630,1,1991
3911,707,1,1992
589,255,1,1990
1712,1539,1,1976
160,313,2,1991
3181,342,1,1989
2346,326,2,1984
2924,1601,2,1971
1299,1645,1,1971
5680,559,1,1991
5311,255,2,1970
2443,1171,1,1981
4701,222,1,1993
647,1300,1,1981
3076,1589,2,1986
3019,406,1,1986
5025,1075,2,1989
2555,342,1,1966
4675,206,1,1987
1917,242,1,1991
2496,513,1,1978
2911,790,1,1983
448,854,1,1988
4341,524,1,1986
4511,2522,1,1986
646,456,2,1991
1801,918,2,1987
4626,1200,1,1988
3651,168,1,1997
5052,666,1,1983
3989,931,1,1986
5634,844,2,1985
4599,1096,1,1980
2694,498,1,1965
3431,690,2,1986
2015,693,1,1986
2793,330,1,1993
5121,400,1,1981
5219,280,2,1980
2847,522,2,1988
4217,353,1,1985
1182,674,1,1988
3691,786,1,1987
2095,434,1,1980
4505,858,1,1978
4630,321,1,1984
3742,908,2,1983
682,908,1,1984
2132,353,2,1980
1831,307,1,1985
1905,494,1,1980
2915,495,1,1986
445,87,1,1981
116,369,1,1990
5262,239,2,1981
5724,526,2,1986
4573,1343,1,1978
957,334,1,1989
4970,392,1,1990
4039,399,2,1990
598,1102,2,1966
4058,2019,2,1980
3204,1564,2,1999
517,1283,1,1990
5520,1440,2,1980
4174,1212,2,1992
1282,1576,2,1975
1573,844,2,1991
5839,263,2,1990
4546,562,2,1993
2843,567,1,1992
3917,468,1,1991
3890,422,1,1987
4251,290,1,1991
796,817,1,1987
3125,245,2,1989
4579,562,1,1991
2314,688,1,1979
3164,1665,1,1995
2595,283,1,1980
1201,1295,1,1982
265,1015,1,1989
1403,416,1,1984
4087,1423,1,1986
5717,501,2,1979
704,422,2,1986
468,1637,1,1993
4847,478,1,1990
4640,478,1,1991
271,497,1,1980
5356,156,1,1992
1163,544,1,1992
194,913,1,1988
4619,1112,1,1981
5732,530,1,1992
3847,360,1,1991
4173,518,1,1990
3726,635,2,1986
4860,120,1,1983
3651,392,1,1991
5865,971,1,1992
1200,470,2,1981
707,98,1,1963
1363,907,1,1982
4375,1065,1,1984
3,142,1,1989
3858,529,1,1986
4163,115,1,1992
3275,1796,1,1994
4621,387,1,1987
1793,258,1,1975
3804,758,1,1986
1257,875,1,1975
3934,500,1,1957
959,1559,1,1990
1564,555,1,1990
3538,615,2,1985
2234,560,1,1984
270,265,1,1994
3972,802,1,1974
5564,146,2,1988
3657,1305,1,1950
3863,1187,2,1977
4104,783,1,1989
5551,421,1,1984
3660,1548,2,1983
5143,1216,1,1991
4140,135,1,1989
1048,1036,1,1981
1754,117,1,1985
3917,181,1,1988
1569,191,1,1990
2380,1603,2,1981
5031,303,1,1972
4196,1334,1,1977
3158,139,1,1986
3542,720,1,1977
5025,835,2,1989
1882,640,1,1986
2812,140,2,1985
1329,1350,2,1991
5638,1227,1,1987
629,458,1,1989
1282,408,1,1984
425,975,1,1990
1708,832,1,1970
4607,502,1,1992
3123,159,1,1989
3168,985,2,1985
5840,989,1,1986
4257,607,2,1987
4223,216,1,1989
1358,376,2,1985
4730,276,1,1992
3535,435,1,1992
5183,1180,2,1988
3577,447,1,1994
3115,1677,2,1989
326,473,1,1991
2806,729,1,1991
4309,744,2,1991
4005,385,1,1990
2346,1325,2,1984
1403,672,1,1984
5877,1579,2,1989
4017,709,1,1990
4599,1116,1,1980
2252,1536,2,1988
812,481,1,1973
5221,1081,1,1992
965,327,1,1988
5813,120,1,1978
3315,1481,2,1993
3952,530,1,1988
2251,104,1,1983
268,241,1,1990
867,1270,1,1981
4616,475,1,1980
4087,187,1,1955
4310,1279,1,1974
4184,484,1,1987
3087,2799,2,1983
4844,801,2,1958
3999,560,1,1983
5078,1103,1,1961
5546,1416,1,1990
5554,376,1,1993
646,186,1,1989
5766,247,1,1982
3312,351,1,1952
4248,209,1,1971
3934,484,2,1992
5363,132,2,1991
5732,321,1,1992
4336,716,1,1986
4058,1121,2,1980
3204,597,2,1962
2441,276,1,1979
3983,643,1,1990
1601,728,2,1991
1538,183,1,1976
2863,969,1,1969
1165,357,2,1986
5866,350,1,1982
2033,338,1,1993
69,375,1,1978
3409,728,1,1985
3516,504,1,1984
678,607,2,1996
551,236,1,1981
1649,812,1,1974
4278,304,1,1989
4786,442,1,1988
4777,1254,1,1989
1902,462,1,1988
5560,329,1,1982
3,495,1,1989
3706,1655,2,1989
812,364,1,1969
1774,374,2,1993
4613,178,1,1989
5216,942,1,1989
1513,859,1,1983
3552,312,1,1992
4838,678,1,1978
5370,378,1,1987
1245,709,1,1961
293,205,2,1994
4607,477,1,1990
97,586,1,1985
37,779,1,1962
3831,176,1,1984
3741,800,1,1971
1585,310,1,1987
1999,277,2,1988
2095,294,1,1978
4039,423,2,1987
2325,2200,2,1991
487,1170,2,1982
4259,1545,1,1988
4905,674,1,1987
1784,111,1,1985
2482,490,1,1988
4843,411,1,1993
5826,401,1,1987
3565,1103,1,1975
1993,76,1,1982
5110,417,1,1984
263,941,1,1986
4336,340,1,1989
4812,312,1,1992
4223,183,1,1989
4422,687,2,1990
3015,635,2,1983
754,805,2,1980
504,425,1,1970
5669,901,1,1985
1647,1485,1,1991
3713,854,1,1983
2887,683,1,1983
1144,395,1,1980
5519,1011,1,1980
4991,582,1,1988
4819,467,2,1985
2081,340,1,1992
5141,777,2,1983
949,1750,1,1988
533,1570,2,1989
5229,1572,1,1988
4723,132,1,1975
4058,666,2,1980
4346,512,2,1986
5674,323,1,1982
4220,755,1,1991
5872,402,1,1988
5772,535,1,1990
5813,624,1,1985
3303,464,2,1990
2863,651,1,1969
2815,579,2,1976
946,586,1,1978
2251,472,2,1991
2764,483,1,1984
2106,1006,1,1965
3636,711,2,1990
3593,693,2,1985
79,902,1,1997
5221,691,1,1992
1793,712,1,1982
3256,211,2,1985
3738,163,1,1987
673,730,1,1985
4206,768,2,1985
5222,242,1,1986
5551,498,1,1993
3951,748,1,1962
1296,789,2,1989
5256,1176,1,1985
5698,996,2,1980
2734,1340,1,1986
1821,833,2,1977
6,466,1,1982
1621,925,1,1982
4987,867,1,1986
3125,448,1,1983
881,1348,1,1991
4388,314,1,1988
1418,459,1,1969
1557,984,1,1987
729,476,1,1956
3227,408,1,1967
2989,584,1,1994
724,371,1,1960
3015,397,2,1986
2681,416,1,1988
771,953,2,1987
4344,2863,2,1989
1643,396,1,1991
867,854,2,1990
2346,836,2,1974
2774,906,1,1978
4233,224,1,1990
4032,663,1,1991
1421,1011,2,1989
4793,344,1,1978
5301,1294,1,1991
2072,379,2,1991
432,1036,1,1985
2406,475,2,1990
3560,156,1,1980
2482,295,1,1996
3551,684,2,1992
5633,775,1,1994
3595,436,1,1986
5714,249,1,1981
1093,1155,2,1986
1020,1372,1,1988
927,243,1,1991
4406,1051,1,1984
3615,686,1,1993
3728,522,1,1983
651,769,1,1983
648,953,1,1988
2197,611,1,1992
3,483,1,1961
5728,779,1,1988
304,1510,1,1967
5340,1452,2,1976
4643,220,1,1961
347,407,1,1987
3115,1423,2,1989
3323,312,2,1977
4993,532,1,1961
2155,1768,2,1982
1457,1604,1,1982
85,410,2,1991
1576,313,1,1966
3943,824,1,1959
268,297,1,1990
4196,195,1,1981
4259,789,1,1988
3890,471,1,1989
4737,207,1,1955
466,1166,2,1989
1849,1184,1,1991
3400,761,1,1986
5685,208,1,1988
5854,331,1,1992
5599,391,2,1992
5841,200,2,1987
447,1184,2,1980
2002,1084,2,1985
5581,779,1,1982
3760,151,1,1972
3473,194,2,1990
5471,785,2,1969
1732,735,1,1987
1109,408,1,1994
5297,194,1,1984
3751,1106,2,1986
3307,870,2,1986
5153,478,1,1981
1915,1621,2,1986
4187,913,1,1983
4047,621,1,1976
3713,760,1,1983
5215,223,1,1973
2491,1385,1,1989
21,523,2,1977
3883,362,1,1992
1339,907,1,1992
3456,931,1,1992
5530,940,1,1993
3637,1162,1,1993
4593,900,1,1969
4396,614,2,1987
3644,793,1,1978
4336,989,1,1989
2498,1113,1,1990
4889,1450,1,1991
1462,383,1,1983
1522,951,1,1991
3542,589,1,1977
5143,1913,1,1991
2357,1666,1,1983
265,305,1,1992
3831,767,1,1984
1261,267,2,1987
3736,1580,2,1992
2523,713,1,1993
1658,996,2,1988
2421,109,1,1989
5351,992,2,1988
4549,1025,2,1993
4428,1256,2,1989
2251,757,2,1989
3240,918,1,1984
1214,751,2,1987
5273,238,2,1983
5351,64,2,1988
2536,1253,2,1986
5295,525,1,1967
5151,165,1,1993
786,2712,2,1986
5499,511,1,1983
2949,277,1,1992
2987,1376,1,1992
3281,1281,2,1982
2380,1684,2,1981
1683,548,2,1971
4688,1283,1,1976
1337,741,1,1989
2764,612,1,1970
1312,230,1,1970
3032,857,2,1992
1189,1312,2,1986
2683,149,2,1988
499,1547,1,1982
4082,699,2,1986
4558,335,1,1986
4735,365,1,1981
38,875,1,1983
4448,549,2,1993
3845,807,1,1989
230,293,1,1990
4233,201,1,1990
5877,1956,2,1989
2252,1946,2,1988
5357,397,1,1983
1282,488,1,1990
5901,169,1,1971
4568,772,1,1990
732,772,2,1985
1859,792,2,1985
3783,208,1,1972
4318,463,1,1989
3033,811,1,1958
1531,336,1,1992
4532,513,2,1991
657,789,1,1983
5000,1259,2,1988
5299,541,1,1984
2863,1216,1,1969
4444,541,1,1977
525,1242,2,1985
3306,538,1,1981
3831,326,1,1987
4163,665,1,1971
3890,422,2,1988
2184,177,1,1970
4681,1100,1,1981
1418,463,1,1969
73,919,1,1985
4763,1082,1,1981
427,1149,2,1987
4110,1023,1,1986
1144,1016,1,1987
5724,1136,2,1986
3134,516,1,1993
5471,668,2,1969
3593,207,1,1990
3246,879,1,1982
395,271,1,1975
3650,1047,1,1989
5340,132,1,1965
4849,738,1,1990
4838,1082,1,1978
5716,746,2,1970
426,491,1,1989
2481,639,1,1986
3329,591,1,1988
887,1991,1,1985
218,893,1,1983
5772,900,2,1986
2552,1621,1,1975
729,1130,1,1956
5123,527,1,1988
5448,1777,2,1983
810,510,1,1990
4087,1781,1,1976
4777,786,1,1987
5153,528,2,1981
530,818,1,1981
2806,744,1,1988
3738,284,1,1987
2132,830,2,1980
1299,435,1,1988
2134,675,2,1992
2532,874,2,1988
1595,1018,2,1982
881,1269,1,1991
4993,439,1,1961
4788,713,1,1981
1640,225,1,1990
3120,374,2,1991
2683,174,1,1968
5677,462,1,1972
4,1432,2,1977
3022,1413,1,1970
3112,1025,1,1989
3240,335,1,1985
5143,781,1,1991
3087,178,2,1987
3938,347,1,1995
4847,381,1,1989
5366,1172,2,1986
707,357,1,1973
4797,814,1,1992
5256,1009,2,1985
3384,361,2,1973
5071,919,2,1985
4654,345,1,1985
4568,354,2,1987
2498,871,1,1990
2960,516,1,1990
4115,869,1,1988
2228,692,1,1991
4336,913,1,1989
4132,1636,2,1989
4632,216,1,1995
1002,1260,1,1991
3247,1707,1,1981
3512,248,1,1989
5898,274,1,1984
5839,1611,2,1987
311,1135,1,1986
754,1899,2,1980
4189,616,1,1993
4723,416,2,1989
1312,366,1,1970
4684,1043,2,1988
2704,173,2,1985
6,884,1,1970
5696,983,1,1987
3644,951,1,1978
5896,477,1,1990
55,202,1,1963
3353,321,2,1983
3852,940,1,1989
4422,865,1,1983
5826,333,1,1988
1587,523,1,1952
5301,874,1,1982
3648,252,1,1988
2910,182,1,1993
1000,481,1,1992
3158,368,1,1987
1097,1351,1,1981
877,1185,1,1990
5262,354,2,1988
1905,910,1,1975
4239,161,1,1978
5376,1054,2,1990
4560,598,1,1991
1647,793,1,1989
713,993,2,1985
1445,493,1,1989
1079,453,1,1989
3431,923,2,1978
1165,376,2,1968
5836,321,2,1987
2986,779,2,1981
1487,1765,1,1981
1611,334,1,1986
4730,933,1,1978
5283,1694,1,1988
2826,797,2,1988
1359,1862,1,1986
1552,1539,2,1992
3275,3227,1,1994
3376,342,2,1988
4599,879,1,1980
2050,746,2,1989
5259,563,1,1986
1622,439,1,1983
1040,338,1,1974
2320,1183,2,1960
497,699,2,1988
2409,561,1,1984
2593,918,1,1977
729,655,1,1956
874,2558,2,1988
4736,1764,2,1986
2390,911,2,1959
5552,159,1,1983
3691,1798,1,1974
898,317,1,1989
3205,402,2,1978
5340,111,1,1965
5374,296,2,1984
3834,849,1,1989
5674,228,1,1982
2890,256,1,1982
2465,306,2,1982
1296,1941,2,1991
3821,285,1,1990
3649,1034,2,1991
4373,1026,2,1968
4083,1294,2,1993
5802,1660,1,1983
7,679,1,1992
2911,609,2,1986
706,754,1,1986
5151,855,2,1991
5534,612,2,1983
5702,664,1,1985
4458,296,1,1991
1717,654,2,1992
3967,252,1,1991
4844,519,1,1981
270,257,1,1994
445,1335,2,1962
3032,370,1,1991
3928,289,1,1983
3659,419,1,1989
1217,412,1,1971
3115,1775,2,1989
2812,735,2,1973
326,264,1,1994
3797,474,2,1982
2026,562,1,1987
5110,812,1,1983
4646,1793,1,1989
4905,593,1,1985
5123,439,1,1992
3976,1427,2,1989
3265,1432,2,1989
4069,572,1,1987
5764,1117,1,1976
4793,177,2,1989
3919,1502,2,1983
737,622,1,1990
3989,744,1,1986
2857,439,1,1993
3256,1133,2,1991
1801,734,1,1985
1282,436,2,1962
1915,750,2,1987
3307,807,2,1989
2873,643,2,1987
1953,482,1,1982
5455,1486,1,1986
5820,1394,2,1984
3999,644,1,1989
1259,470,2,1993
1314,363,2,1989
5800,668,2,1988
4273,549,2,1988
4156,265,1,1985
5706,1650,2,1988
5671,482,2,1976
1904,721,1,1982
3370,873,2,1991
4735,1482,1,1981
3436,1062,1,1992
1241,476,1,1968
5285,509,1,1966
604,1073,2,1989
5167,1035,2,1992
5471,1214,2,1969
3375,3158,2,1977
4388,786,1,1988
5627,912,1,1983
5716,444,1,1989
3515,1308,1,1991
2730,574,2,1991
5560,279,1,1991
5824,491,1,1964
1993,66,1,1968
880,516,2,1988
1542,993,2,1978
4047,620,1,1986
1923,853,2,1970
2269,750,2,1986
2659,2889,1,1993
2233,739,1,1990
949,479,1,1981
5012,540,1,1991
3890,1383,1,1987
2179,1243,1,1956
3353,667,2,1983
999,913,1,1987
3940,964,1,1989
707,141,1,1984
2228,975,1,1991
5596,1314,1,1975
5351,1827,2,1988
2093,1181,1,1985
4760,755,1,1991
3961,507,2,1991
2606,1116,1,1992
5714,1351,2,1990
2482,427,1,1996
5469,1119,1,1958
2156,229,1,1984
5710,240,1,1992
5901,1437,1,1983
3022,1153,1,1991
1679,749,1,1981
3112,324,1,1989
3560,982,1,1991
2973,293,1,1987
2952,1287,1,1988
1689,490,2,1990
1671,327,1,1981
3287,119,1,1989
3377,258,1,1989
5295,994,1,1967
2869,595,1,1991
3151,1301,1,1987
3015,454,1,1986
1593,376,2,1987
5018,1338,2,1983
5499,521,1,1988
1929,1420,2,1974
2658,393,1,1958
5776,213,1,1972
3446,702,1,1987
1241,261,1,1967
3327,1424,1,1991
3651,1048,2,1988
1325,586,1,1987
4788,1405,1,1981
4072,1041,2,1993
1164,1581,1,1989
4847,576,1,1990
1285,187,1,1986
4570,760,1,1988
2942,1538,1,1989
3312,1090,2,1983
1101,1352,2,1986
5551,825,1,1988
639,1240,2,1987
2202,594,2,1987
5066,1009,1,1972
4455,821,2,1990
5566,652,1,1989
4102,1778,2,1982
3120,407,2,1991
2320,1010,2,1960
5154,864,2,1984
1138,515,1,1984
5498,853,1,1981
2948,664,1,1989
3184,695,1,1984
5800,481,2,1988
2593,285,1,1990
3831,178,1,1987
5646,925,1,1992
215,761,1,1989
5223,527,1,1959
1261,858,1,1959
2095,795,1,1969
1385,252,1,1992
1752,1188,2,1992
152,772,1,1960
4688,1392,1,1992
3150,1730,1,1989
4690,263,1,1990
2015,449,1,1967
3082,470,1,1988
1859,335,1,1965
3970,940,2,1987
2911,599,1,1987
4566,317,1,1982
581,493,1,1985
4022,645,1,1989
4041,898,2,1993
4213,308,2,1986
5053,1465,1,1988
1268,2308,1,1959
148,1477,2,1972
100,2144,1,1984
3112,565,1,1989
4759,639,2,1986
4579,860,1,1989
4713,1279,1,1986
3347,376,2,1991
1583,932,1,1976
4830,552,1,1992
5549,1021,1,1989
3335,350,1,1984
4239,1466,1,1978
3033,782,2,1984
4646,1080,1,1989
2489,938,2,1987
2410,1010,2,1985
1357,329,1,1985
116,374,2,1989
3243,822,1,1988
3983,1261,1,1991
4595,1268,1,1987
3260,400,1,1962
3749,676,1,1993
3015,288,2,1991
3636,1427,1,1980
1552,1408,2,1992
4537,251,1,1960
1399,1539,1,1989
5069,211,2,1982
2814,227,1,1986
2414,1114,2,1988
3230,1446,1,1987
4280,820,1,1988
4895,1233,1,1988
2851,927,1,1988
4793,249,1,1990
1367,1302,1,1983
2409,1447,1,1984
3376,1099,1,1981
1289,1197,1,1982
1743,1279,1,1983
5297,152,1,1984
2115,1198,1,1994
949,728,1,1965
4162,323,1,1984
4220,843,1,1987
128,462,1,1981
2740,1332,1,1986
1543,1267,1,1986
3248,630,1,1972
3575,1481,1,1992
4906,244,1,1980
4470,400,2,1985
995,874,1,1998
3381,331,1,1978
30,792,1,1983
4905,1314,1,1985
4526,550,1,1970
4644,505,2,1954
2207,342,1,1988
2833,1459,1,1984
1635,263,1,1989
2821,905,1,1992
5479,1652,1,1984
4609,175,1,1985
3238,1203,1,1987
3377,467,1,1985
4504,830,2,1979
5711,732,1,1979
4007,646,2,1996
4532,518,1,1987
5776,639,1,1960
2972,1878,2,1994
1080,284,1,1989
659,1100,2,1989
2790,847,1,1965
4063,242,2,1991
152,468,1,1990
1255,393,1,1986
1590,909,2,1990
4985,219,1,1966
4449,451,1,1988
4032,225,1,1975
5466,407,2,1990
5158,729,1,1971
5877,1562,2,1989
137,786,1,1984
2252,1560,2,1988
5766,337,1,1985
5716,927,1,1983
2536,561,1,1985
222,659,1,1986
796,392,1,1991
427,207,1,1986
1348,1458,1,1960
5475,108,1,1981
347,641,1,1975
5142,483,1,1982
2750,325,1,1964
4426,543,1,1989
4643,540,1,1987
3928,501,1,1987
5665,1741,1,1985
533,1024,2,1974
216,403,1,1986
5872,789,1,1983
3515,338,2,1990
175,776,1,1990
2694,412,1,1965
4422,628,1,1980
3574,680,1,1987
5568,776,2,1965
957,329,1,1984
1717,559,2,1992
29,1318,1,1980
5547,855,1,1988
163,770,1,1987
100,564,1,1984
3973,721,2,1992
267,385,1,1982
4373,1752,2,1968
2409,392,1,1984
3120,852,2,1991
3944,249,2,1991
3360,1432,1,1990
4478,312,2,1988
3649,1759,2,1991
2659,296,2,1989
5706,1254,1,1963
1704,568,1,1986
3370,250,1,1960
4606,1647,2,1987
5468,847,1,1981
1831,1435,2,1985
2787,1422,1,1991
3560,1155,1,1990
5722,402,1,1961
4857,1293,2,1993
3648,648,1,1976
5216,880,2,1980
2958,1038,1,1965
4696,2026,1,1971
1385,481,1,1992
4932,1706,1,1967
143,179,1,1963
5324,2105,1,1977
1315,168,1,1953
2245,430,1,1991
4336,306,2,1991
374,1923,2,1975
2712,631,1,1970
5813,1004,1,1971
3882,351,2,1981
3115,1769,2,1989
5123,1455,2,1983
5116,690,1,1967
4020,562,1,1989
4074,451,1,1988
4046,517,1,1974
1904,456,2,1990
4842,970,1,1988
4992,1136,1,1986
2740,194,1,1982
4561,430,2,1968
5884,235,2,1992
2494,1117,1,1960
1538,276,1,1984
779,155,1,1988
1491,214,1,1985
4640,1053,2,1982
2977,951,2,1981
5824,865,1,1964
3144,1432,2,1982
931,406,1,1988
1943,732,2,1988
1386,656,1,1992
854,1181,1,1977
4840,1020,1,1959
5702,892,1,1994
3663,657,1,1994
1325,515,1,1987
1593,302,2,1986
2382,871,1,1990
2908,527,2,1996
759,1597,1,1991
3368,527,1,1976
3363,544,1,1991
5630,1321,1,1976
3,447,2,1987
4228,698,2,1986
1402,1593,1,1975
5336,445,1,1972
4003,494,1,1980
1437,1915,1,1969
1282,302,2,1962
2372,667,1,1987
1036,588,1,1988
4632,164,1,1995
162,536,1,1981
4455,467,1,1961
5457,1235,2,1992
815,301,1,1984
4004,1145,1,1984
576,325,1,1968
37,654,1,1983
265,1017,2,1982
5299,1659,1,1986
2696,437,2,1986
3466,1245,1,1989
270,227,1,1987
4087,1406,1,1983
4988,469,1,1960
2592,888,1,1992
4022,1168,1,1989
2849,1304,1,1983
2902,1288,1,1980
2145,735,1,1981
5078,1267,1,1961
2181,390,1,1987
5154,475,1,1952
632,269,1,1992
3788,662,2,1988
4363,647,1,1988
2050,1510,2,1989
331,571,1,1987
3242,701,2,1957
1101,1352,2,1986
4689,208,1,1971
4446,1059,1,1992
5803,261,1,1991
235,828,2,1992
3184,1182,1,1990
5172,1149,1,1980
4271,755,1,1989
3163,426,1,1990
3032,392,1,1972
4295,560,2,1985
1973,509,2,1968
3916,197,1,1991
3112,1150,1,1989
5860,268,1,1974
575,860,2,1992
3969,217,1,1977
3301,313,1,1977
4760,323,1,1991
428,322,1,1986
3657,619,1,1986
3840,1053,1,1983
2156,404,1,1990
2421,552,2,1988
1570,418,1,1970
3473,478,1,1989
5030,332,1,1992
2833,376,1,1983
3265,751,1,1989
1588,108,2,1986
5665,864,1,1985
4406,703,1,1977
2422,710,1,1977
5638,1108,1,1981
5163,244,1,1967
5023,918,2,1960
2659,239,1,1979
2730,751,2,1992
2676,256,2,1988
4690,215,1,1994
530,1245,1,1986
5518,1092,1,1979
5167,603,2,1994
2529,1508,2,1989
5719,991,1,1983
2843,663,1,1992
3680,1485,2,1987
3831,813,1,1989
4072,945,1,1989
5500,453,1,1981
5725,615,2,1978
5530,573,1,1973
2980,1361,1,1983
2048,342,1,1990
5295,403,2,1959
3488,846,2,1988
4204,314,2,1986
898,688,1,1975
5784,1313,1,1982
1257,990,2,1987
5142,1044,1,1982
505,503,1,1981
946,885,1,1983
2541,535,2,1985
4847,1160,2,1989
3019,672,1,1957
5351,491,1,1987
4950,2438,2,1986
5877,779,1,1988
4033,668,2,1993
5521,557,1,1985
4931,648,1,1976
4504,1017,1,1988
4342,727,2,1992
5455,1297,1,1987
30,906,2,1967
3295,457,1,1984
5717,219,2,1986
4619,315,1,1983
4646,554,2,1984
5356,1029,1,1992
459,2051,1,1984
2523,437,2,1985
4751,269,1,1969
4273,1327,1,1972
5800,1581,2,1988
1640,321,1,1979
2814,653,1,1965
2418,870,1,1990
4233,151,1,1990
5774,602,1,1988
2269,656,2,1992
910,633,1,1993
466,496,1,1987
2309,201,1,1970
4163,1180,2,1966
1032,594,1,1990
1514,1124,1,1982
4415,715,2,1988
3086,154,1,1970
706,149,1,1987
2156,311,1,1990
1040,456,1,1990
1714,1238,2,1973
104,1246,1,1971
5598,752,1,1986
4046,696,1,1980
3928,214,1,1980
3990,275,1,1986
2494,749,1,1981
2093,127,1,1975
1876,866,1,1994
713,989,2,1988
5798,434,2,1996
5227,436,2,1990
3943,677,1,1988
1601,340,1,1989
1776,1348,2,1985
447,510,2,1966
4728,394,1,1965
1048,412,1,1992
4028,704,1,1962
3751,228,1,1985
5796,1417,1,1984
3972,1092,1,1989
5306,1121,1,1986
533,487,2,1991
2252,1040,1,1980
3180,505,1,1986
5706,600,1,1976
5560,1349,1,1972
5457,684,2,1986
2165,873,2,1989
4089,865,2,1985
4657,1185,1,1990
5885,267,1,1990
4123,162,1,1983
931,310,1,1972
2327,390,2,1978
3513,341,1,1962
4369,496,2,1981
5358,1110,2,1988
3256,630,2,1992
3434,459,2,1990
4643,388,1,1961
3193,2921,1,1964
5461,846,1,1987
5162,601,1,1994
97,1348,1,1969
4895,1703,1,1988
2902,309,1,1983
3962,658,1,1994
1552,688,2,1974
3969,546,1,1971
887,689,1,1984
406,1074,1,1987
1743,907,1,1967
2713,411,2,1991
1218,249,2,1987
2245,191,2,1985
2438,1473,1,1991
5340,936,1,1982
681,5446,1,1982
4958,779,1,1988
5370,1208,1,1971
3490,261,1,1987
3659,417,1,1980
995,694,2,1989
4594,633,2,1984
1572,542,1,1982
802,1049,2,1989
940,976,2,1988
5849,577,2,1974
1923,640,1,1992
4730,880,2,1978
5828,1338,2,1991
3837,526,1,1992
3544,1523,1,1988
5028,1474,2,1989
3907,606,1,1987
4041,301,1,1983
2015,375,1,1985
1092,375,2,1986
2873,898,1,1982
876,343,1,1981
2152,347,2,1978
1689,395,2,1987
4844,1560,2,1988
3624,470,1,1980
3148,1140,1,1983
4871,1360,1,1991
2974,682,1,1993
2104,410,2,1990
1327,1583,1,1988
2428,421,2,1991
1312,371,1,1988
56,1062,1,1987
5023,482,2,1985
3,720,1,1991
449,234,1,1983
4445,1540,2,1982
3556,1073,2,1988
4087,924,2,1984
4656,996,2,1989
3694,536,1,1987
2877,532,2,1987
3664,586,1,1993
450,758,1,1991
4641,1293,1,1975
3686,1002,1,1984
3748,410,2,1966
637,226,2,1988
2555,653,1,1984
2489,1121,1,1976
4241,851,2,1985
3654,428,1,1993
3665,785,1,1986
625,435,1,1992
4223,614,1,1991
3402,269,1,1982
3803,496,1,1987
638,989,1,1989
4570,633,1,1987
3077,1237,1,1991
2145,1055,1,1981
3631,130,1,1988
3436,972,2,1987
2026,1228,1,1991
3724,1074,2,1993
1080,424,1,1984
21,453,2,1985
1480,759,1,1985
5630,624,1,1976
5800,484,2,1988
1299,338,2,1986
697,103,1,1991
3951,395,1,1972
5538,809,1,1966
1377,272,1,1984
3015,1376,1,1970
1000,786,1,1988
4315,373,1,1986
1360,731,1,1989
1804,376,2,1991
1303,264,2,1968
3134,1095,1,1961
5156,225,1,1991
4819,536,1,1987
1527,627,2,1990
3122,1762,1,1983
4209,188,1,1978
3446,398,1,1986
3258,1147,1,1988
1261,587,1,1980
5632,318,1,1980
5557,421,1,1973
3713,704,1,1982
3331,2100,1,1960
607,407,1,1992
3368,314,2,1989
3342,1601,1,1988
5059,339,1,1990
1286,564,2,1985
4462,349,1,1971
813,1863,1,1950
4208,425,1,1974
4595,524,1,1981
3312,220,1,1991
2814,716,2,1984
5192,1041,2,1968
2673,450,2,1979
5855,298,1,1984
2117,284,2,1984
3152,886,2,1989
3964,601,1,1973
5309,352,1,1960
2827,2832,2,1994
4439,1144,1,1984
5689,463,1,1974
3494,281,2,1987
5901,1009,1,1987
1109,285,1,1985
655,634,1,1989
176,673,2,1985
1170,1338,2,1973
4379,1805,2,1960
5357,1239,2,1987
647,826,1,1982
537,951,2,1979
1794,403,1,1986
2060,581,2,1974
1975,931,2,1981
957,1430,1,1975
4314,1844,1,1975
3863,1247,1,1984
3622,1651,1,1973
5757,319,1,1977
3561,278,1,1970
1904,852,2,1978
1671,1334,1,1992
4284,563,1,1986
3158,517,1,1987
2806,567,1,1988
2790,284,1,1987
4244,563,2,1977
1410,310,2,1989
2398,1326,2,1966
3536,1338,2,1972
4039,403,1,1988
3767,1118,1,1986
4582,3829,1,1994
5336,486,1,1989
3323,296,1,1996
2765,334,2,1985
1997,594,2,1983
3837,589,1,1992
4991,592,1,1990
5031,970,1,1985
2262,961,1,1990
1259,766,1,1969
4921,1089,1,1984
3469,351,1,1985
3677,531,2,1991
166,725,1,1986
5221,401,1,1968
3360,2009,1,1990
5465,1631,1,1993
491,1483,2,1983
2442,691,2,1949
4221,916,2,1971
927,1107,2,1994
3205,484,2,1978
4342,1145,2,1992
4254,767,1,1988
537,188,2,1987
570,533,1,1973
2902,488,1,1987
2165,504,1,1987
4101,339,1,1978
5824,1862,1,1964
4205,2788,1,1984
5078,527,1,1981
1906,4999,1,1954
1511,1573,2,1992
653,722,1,1991
5156,300,1,1991
272,554,2,1964
218,233,2,1990
4046,355,2,1977
792,2299,2,1990
3329,744,1,1993
3370,468,1,1979
3795,794,2,1986
3342,445,1,1963
3379,1578,2,1991
2916,1587,1,1990
4851,863,2,1990
2225,427,2,1988
391,419,1,1985
2070,571,1,1979
2077,983,1,1979
85,626,1,1979
5077,637,1,1977
4509,379,1,1993
4613,145,1,1990
4889,281,1,1981
4846,1551,1,1989
5306,685,1,1991
5479,554,1,1973
887,456,1,1984
3451,1094,2,1993
186,1300,1,1981
1614,1186,1,1988
137,727,1,1991
3699,984,1,1987
1080,244,1,1978
2482,610,1,1996
620,280,1,1972
3516,652,1,1988
2529,1503,2,1989
4646,1232,1,1990
5069,1512,1,1989
5298,353,1,1985
4136,1446,2,1985
5510,1422,1,1982
4481,1036,1,1992
1170,368,2,1977
2327,1133,2,1978
489,853,1,1988
5598,894,1,1991
5154,1053,1,1992
4860,126,1,1985
325,1856,1,1961
1359,719,1,1984
3275,403,1,1983
4701,2214,1,1981
4598,1061,1,1968
4683,1174,2,1992
5340,1096,1,1982
459,980,1,1991
2963,1063,2,1960
299,714,1,1981
1294,1112,2,1989
4069,1414,1,1990
2894,688,2,1990
4840,812,1,1982
5708,1270,2,1994
5823,1086,1,1981
5725,1618,2,1978
2123,834,1,1989
3329,117,2,1965
2093,117,1,1965
4156,920,1,1953
4841,1286,1,1988
3595,1011,1,1983
295,904,1,1987
1638,1776,2,1968
5230,868,2,1981
1399,1222,1,1989
5709,878,1,1980
1303,839,2,1968
1363,376,2,1972
630,1133,1,1990
5521,556,1,1988
2031,269,1,1981
957,573,1,1984
1077,1248,1,1988
5493,823,1,1971
222,336,2,1986
100,1805,1,1981
5223,458,1,1971
1228,144,1,1984
3134,252,1,1982
3917,390,1,1988
5478,346,1,1987
5804,801,2,1978
1621,207,1,1984
5370,1194,1,1971
1319,571,2,1971
4821,1566,1,1985
4376,1596,2,1989
3659,1288,1,1980
2734,344,1,1983
3952,1220,2,1991
2790,299,2,1974
3158,504,1,1985
4884,1534,1,1992
5845,1080,2,1992
4152,656,1,1980
1713,1953,2,1989
5784,886,2,1989
2590,293,1,1988
2006,1049,2,1989
537,304,2,1962
289,971,2,1991
2831,1083,2,1989
1622,176,1,1984
3477,536,2,1992
2070,201,1,1976
3372,737,1,1990
3418,468,1,1987
4113,1019,1,1995
5158,1373,1,1960
4115,511,1,1988
2827,395,2,1989
5011,874,1,1961
3556,255,2,1978
2730,939,2,1986
2022,709,1,1973
5896,563,1,1982
2673,477,1,1992
3301,441,1,1987
585,249,2,1987
5033,804,2,1958
5697,1659,1,1990
1341,547,1,1984
4163,150,1,1992
2637,819,2,1987
170,256,1,1989
2454,1258,1,1986
5682,748,2,1968
4701,397,1,1981
2312,964,1,1980
4563,949,1,1991
3021,226,1,1978
589,325,1,1990
3534,432,1,1997
4896,188,2,1990
1601,573,2,1988
3640,792,1,1983
4228,913,2,1988
2879,359,1,1992
4853,1075,1,1986
4131,675,2,1985
1999,354,2,1990
607,434,1,1981
1026,388,1,1980
978,249,1,1972
3873,4962,1,1988
5162,193,1,1992
2902,558,2,1984
1464,827,1,1983
5465,593,1,1993
2452,434,1,1986
1942,1036,1,1987
2814,882,1,1975
107,1173,1,1988
4470,294,2,1989
1542,4234,2,1978
2837,137,1,1975
2970,285,1,1989
5298,492,1,1989
542,1703,2,1984
4445,1345,2,1982
5466,1281,2,1984
5037,759,1,1977
5228,985,2,1992
4197,755,2,1987
3437,269,1,1987
350,1197,1,1980
2965,824,2,1983
570,706,1,1973
357,298,1,1988
5776,582,2,1984
3293,293,1,1978
3686,1441,1,1984
434,1192,2,1987
5296,869,1,1989
1105,1368,1,1979
5813,192,1,1960
5066,823,1,1976
3713,474,1,1983
5336,440,1,1988
4632,153,1,1995
5410,215,1,1955
3134,346,1,1969
5804,417,1,1988
3370,506,1,1985
3784,1669,2,1989
2410,758,1,1992
4412,1157,1,1986
6,1109,1,1991
625,1516,1,1992
2739,1517,1,1993
4782,1373,1,1981
2541,741,1,1984
2374,257,1,1989
2609,279,1,1987
1849,562,1,1989
4646,771,1,1990
3314,560,2,1990
1569,231,1,1989
4634,1550,1,1987
464,1523,2,1987
1095,989,1,1989
4342,1002,2,1992
3788,408,2,1994
3025,881,1,1974
3194,306,2,1988
3225,1436,2,1990
5168,695,1,1967
1997,1005,2,1983
5223,135,1,1980
5219,545,1,1984
5688,325,1,1985
4637,944,2,1988
2093,319,1,1963
2974,341,1,1989
4379,213,1,1988
3508,1083,1,1992
1261,311,1,1980
3790,713,2,1991
3323,297,1,1982
2442,1031,2,1949
3331,1465,1,1960
4958,658,1,1975
2503,466,1,1989
5696,1097,1,1983
5464,792,2,1990
620,463,2,1987
4511,671,1,1987
3127,674,1,1979
3816,938,1,1971
2639,511,1,1991
3920,242,1,1989
3201,1597,1,1982
3434,651,2,1984
3842,452,1,1996
4363,700,1,1993
1289,961,1,1989
2559,683,2,1994
1078,1084,2,1990
651,308,1,1990
3513,583,1,1991
5603,673,1,1993
194,291,1,1969
2968,1218,2,1986
4163,135,1,1992
1906,345,1,1975
4838,393,1,1989
2279,634,1,1989
5357,911,2,1986
4345,1039,1,1989
4826,1840,2,1991
4110,5573,1,1958
947,1187,1,1980
5568,828,1,1970
5499,672,1,1991
5455,663,1,1983
3659,191,1,1982
3615,609,1,1986
985,347,1,1981
3580,358,2,1971
4991,312,1,1990
5598,187,1,1987
711,974,1,1984
571,669,1,1986
2306,1361,2,1990
3295,1126,1,1986
5697,398,1,1970
5717,797,1,1963
1869,555,2,1990
5580,348,2,1972
5877,1174,2,1992
4520,621,1,1990
2772,1837,1,1976
1851,712,1,1982
5576,726,1,1979
218,739,1,1980
5777,414,2,1987
3154,988,1,1985
4920,1467,2,1992
1716,1476,2,1991
2296,894,1,1982
5023,266,1,1987
5247,746,1,1984
5037,163,1,1965
5841,861,1,1970
356,453,2,1989
706,393,1,1990
3176,929,1,1983
4641,1680,1,1975
3840,408,1,1987
1849,241,2,1986
2117,261,2,1984
3751,470,1,1990
1702,664,1,1985
880,407,1,1956
3223,439,1,1988
1715,796,1,1985
5351,436,2,1984
2749,1523,1,1975
4337,570,2,1987
1491,1044,2,1991
4607,595,1,1990
570,410,1,1973
3834,381,1,1981
4089,693,1,1994
4690,302,1,1968
4271,1375,1,1970
4723,1192,1,1988
4050,1134,1,1981
105,447,2,1987
5069,1124,1,1989
4806,879,1,1981
3911,1263,1,1989
2958,1396,1,1981
3421,530,1,1982
4020,1185,1,1980
1713,680,1,1952
889,1947,1,1974
5709,345,1,1971
3575,495,1,1984
1048,1062,2,1983
3306,835,1,1991
5640,789,1,1990
2614,718,1,1986
3301,632,1,1992
5706,283,1,1976
4760,564,1,1986
2956,571,2,1986
2067,467,2,1978
5262,437,1,1985
3534,121,1,1997
3152,584,2,1975
4617,1107,2,1990
1410,1298,1,1987
1754,1094,2,1972
4477,1774,1,1982
2022,546,2,1990
1153,444,1,1992
1560,761,1,1984
2900,1708,1,1990
3077,468,1,1989
4730,428,2,1992
2532,1050,1,1955
4403,1529,2,1986
300,1350,1,1989
4197,267,1,1983
350,653,1,1980
4309,430,1,1987
2917,980,1,1984
4735,838,1,1981
4192,2420,1,1986
3728,647,2,1981
1647,408,1,1962
5634,955,1,1989
5790,683,1,1989
1923,705,1,1983
5154,250,1,1989
5581,1204,1,1982
5698,757,1,1990
4210,723,2,1990
5787,1602,1,1985
3299,85,1,1991
2015,974,1,1978
4984,1170,1,1982
4,431,1,1986
3804,1120,1,1982
5232,569,2,1987
2988,1197,2,1988
1044,916,1,1980
3654,991,2,1979
4568,300,1,1989
5495,514,1,1971
2802,1091,2,1981
1053,1019,1,1990
1265,513,2,1968
37,694,1,1989
5615,1270,1,1980
1433,519,1,1989
1870,1120,1,1952
4591,2121,1,1969
1633,1123,2,1964
5689,1113,1,1971
4091,1285,1,1989
4598,473,1,1992
1809,368,1,1947
5802,745,1,1981
2165,695,1,1957
4221,431,1,1984
260,773,1,1987
1835,709,1,1967
1716,331,2,1988
2963,144,1,1987
453,600,1,1986
4701,589,1,1990
4039,493,1,1966
3474,418,1,1975
3296,1448,2,1966
2338,494,1,1982
3680,1323,2,1988
3456,262,1,1994
1170,310,1,1983
4359,268,2,1981
4838,531,2,1991
2977,639,1,1989
5475,639,1,1988
1635,144,1,1995
1254,1199,1,1954
5113,496,2,1990
5226,923,1,1986
1331,181,1,1990
3572,597,1,1988
2518,770,1,1988
4381,1402,2,1971
3516,560,1,1986
1418,522,1,1985
4606,1674,1,1983
3921,1722,1,1985
2764,1326,2,1978
3929,855,1,1992
434,653,2,1969
2905,1042,2,1993
4407,253,2,1989
748,1331,1,1991
169,869,2,1993
5702,603,1,1986
4890,419,1,1984
5784,661,2,1989
1428,243,2,1987
1314,1017,2,1989
1785,777,2,1989
4050,442,1,1981
4132,923,2,1959
5860,839,1,1974
5594,557,1,1990
3158,234,2,1989
4796,508,1,1991
302,533,1,1973
4797,1689,2,1988
3085,843,1,1968
4950,1149,1,1959
2228,456,2,1969
4504,791,1,1966
5666,498,1,1983
1255,808,2,1979
815,949,1,1986
1828,1155,1,1983
4292,320,1,1971
5444,990,1,1984
1692,643,2,1991
428,505,1,1960
5453,935,1,1976
4993,800,1,1961
3168,570,1,1990
724,5227,1,1992
2821,210,2,1978
535,1059,2,1984
1622,635,2,1993
4999,666,1,1987
4824,253,1,1985
5849,469,2,1974
5012,1033,1,1974
2422,1302,1,1960
5270,1934,2,1992
4022,2087,2,1994
3144,892,1,1978
2485,687,1,1979
4960,797,2,1989
1935,229,1,1982
4164,240,2,1962
754,446,1,1986
5790,342,1,1988
4363,632,1,1982
4514,798,2,1988
1491,609,2,1991
1749,510,2,1960
1942,951,1,1987
2909,1358,2,1992
1743,190,1,1979
5360,620,1,1988
2410,643,2,1988
2730,1148,2,1982
4102,1037,2,1986
4586,675,1,1988
3400,675,1,1980
2639,207,1,1991
1109,378,1,1984
454,749,1,1992
2236,1180,1,1977
5230,870,2,1981
5162,1238,1,1992
131,310,1,1987
2497,1572,1,1987
820,690,1,1992
5478,274,1,1964
4656,784,1,1990
2541,219,2,1982
3125,1570,2,1992
4187,1639,1,1989
3451,1603,1,1972
2831,1243,2,1989
4228,620,1,1989
5639,677,2,1991
238,782,1,1990
3082,2059,1,1981
553,768,2,1993
4981,1201,1,1989
292,714,1,1989
2609,1103,1,1987
4886,1327,2,1987
1409,521,2,1991
1806,157,1,1987
2327,565,1,1970
4057,805,1,1989
5223,1007,2,1965
3716,717,1,1971
2070,399,1,1987
3534,486,1,1997
5309,504,1,1971
3968,346,1,1984
4810,986,1,1962
4547,588,2,1983
5493,1569,1,1971
5284,1700,1,1984
534,352,2,1990
4860,1414,1,1985
4199,1038,1,1991
4666,517,2,1973
4257,840,2,1987
2843,1149,1,1963
3295,578,1,1987
5776,587,2,1987
3738,276,1,1988
5266,307,1,1986
4089,747,1,1995
481,544,2,1986
550,670,1,1975
4699,492,2,1991
2006,835,2,1989
2033,262,1,1984
1964,383,1,1984
412,1066,1,1986
3269,1244,1,1986
1092,710,1,1970
1048,795,2,1983
2733,1035,1,1981
3391,307,1,1990
4345,1029,1,1989
2112,227,1,1985
2967,350,1,1985
4683,1099,1,1986
570,774,1,1973
1180,1298,2,1984
4590,476,1,1990
3184,460,1,1976
4568,577,1,1984
3992,301,1,1987
4853,828,1,1970
3727,408,1,1991
162,1052,1,1986
2252,1181,1,1987
3659,610,2,1991
3314,1186,2,1989
4838,464,1,1982
2372,785,1,1987
1903,201,1,1989
97,975,1,1985
2441,223,1,1984
794,417,1,1966
1386,996,1,1982
3615,589,1,1989
1854,223,1,1992
4475,754,1,1993
3876,952,1,1976
4532,1253,2,1984
2442,1232,2,1949
2418,1003,2,1957
1077,1015,1,1990
639,680,1,1987
507,691,1,1960
2336,548,1,1993
4906,1502,2,1992
98,940,2,1993
2233,777,2,1992
5141,440,1,1973
1048,124,2,1983
4806,984,1,1981
2963,543,1,1987
1997,1256,2,1983
3110,435,1,1981
1696,1543,1,1985
5783,398,1,1981
5168,824,1,1967
3151,930,2,1986
607,975,2,1990
3017,329,1,1988
587,796,1,1988
5807,1166,2,1995
4412,268,1,1978
1560,407,1,1993
3644,786,1,1980
3235,328,1,1979
4580,1055,1,1985
117,922,1,1986
3719,471,1,1990
4842,648,1,1990
4129,1643,1,1987
1835,739,1,1967
3834,731,1,1960
331,1171,1,1988
3479,1526,2,1987
497,748,2,1979
4849,1465,1,1985
4560,1440,1,1985
553,302,2,1993
1666,774,1,1992
3917,7463,2,1989
3917,287,2,1989
292,77,1,1988
2797,1897,2,1988
2022,753,1,1988
3213,467,1,1985
299,399,1,1966
2492,857,2,1989
535,390,1,1991
445,1005,2,1989
4959,1557,2,1986
5480,50618,2,1979
5499,1230,1,1991
3228,1464,1,1991
2175,187,1,1974
2965,590,1,1988
5794,385,1,1989
5674,902,1,1991
1793,1238,2,1962
5580,986,2,1986
5682,1825,2,1968
1834,442,1,1993
3888,369,2,1964
5697,561,1,1988
685,1026,2,1954
1357,1417,2,1986
3890,803,1,1987
4719,687,2,1974
3911,870,1,1974
2847,372,2,1988
765,1319,1,1980
4573,739,2,1991
357,892,1,1990
2306,360,1,1979
5031,535,1,1986
1614,1352,1,1980
1662,224,1,1971
3250,1708,1,1972
869,650,2,1987
943,469,2,1989
4496,383,1,1990
5262,979,1,1990
3942,145,1,1984
2743,611,1,1985
3076,1099,1,1985
2236,503,1,1965
3437,1339,1,1989
4086,1565,1,1981
2134,1486,2,1985
3631,365,2,1970
1975,296,2,1987
4163,690,1,1992
4607,974,1,1979
163,787,1,1973
142,463,1,1983
3931,336,1,1990
194,842,1,1969
2220,1112,1,1963
3900,579,1,1991
3456,787,2,1991
2343,620,1,1949
5340,453,2,1991
1406,924,1,1946
1752,576,2,1990
3299,830,1,1991
1785,725,1,1963
4291,1031,1,1975
1904,1059,1,1993
83,332,2,1983
534,152,1,1986
5370,468,1,1991
487,1064,1,1984
2156,247,1,1983
4152,1455,1,1982
4303,761,1,1975
947,286,1,1980
3469,750,2,1974
4701,369,1,1976
4862,1001,1,1982
5070,1134,2,1985
5054,788,2,1988
545,440,1,1988
5646,397,1,1988
3544,269,1,1986
5227,697,2,1963
2827,716,2,1975
5896,218,1,1984
3595,1572,2,1993
3965,1101,1,1983
5487,675,1,1981
4149,1341,1,1989
5348,714,2,1994
3767,1320,1,1985
3423,1278,2,1972
3962,117,1,1993
112,487,2,1989
2637,1503,1,1992
1445,931,2,1988
2274,216,2,1981
5628,273,1,1986
4190,816,1,1986
5817,835,1,1958
4764,1147,1,1987
2521,907,2,1993
4083,1170,1,1986
1289,1082,2,1996
3331,496,1,1962
3434,498,1,1990
2372,297,1,1988
4258,881,1,1989
5172,487,2,1999
3574,2662,1,1986
5309,276,1,1982
3776,1226,2,1992
3107,285,2,1983
4299,387,1,1959
121,1241,1,1991
5466,497,1,1985
99,1842,2,1977
384,615,2,1975
1647,524,1,1988
5711,1236,2,1989
575,279,2,1987
4110,629,2,1982
1953,576,1,1982
1674,263,2,1984
1259,619,1,1987
5018,2701,2,1985
4021,676,1,1993
4030,859,2,1976
4127,212,2,1974
3913,1560,1,1989
3144,613,2,1992
3748,1231,1,1988
5262,262,1,1990
2689,1593,2,1984
4458,1393,1,1975
5613,1451,2,1991
4899,698,2,1994
5444,442,1,1992
5540,363,2,1965
302,477,2,1986
4761,1277,2,1987
2965,143,2,1968
1258,695,1,1966
2890,431,1,1981
589,1122,1,1990
5521,1114,1,1993
5700,825,1,1991
4667,802,1,1945
4617,477,1,1979
995,582,2,1986
4620,592,1,1987
5471,674,1,1987
5220,741,2,1991
4730,693,2,1991
4039,803,2,1968
2094,241,2,1992
68,767,2,1986
5823,1479,1,1975
1094,426,1,1986
1359,402,1,1994
4908,306,1,1984
5321,1124,1,1987
2815,883,2,1977
1854,234,1,1992
3580,1031,1,1986
3636,1004,1,1975
5223,510,1,1983
2658,539,1,1987
1858,481,2,1988
2851,841,1,1988
1543,994,1,1987
4020,1076,2,1959
5071,434,2,1994
215,974,2,1987
4634,817,2,1986
3370,1591,2,1984
5844,836,2,1985
3477,1675,1,1977
5788,521,1,1992
466,622,1,1987
2988,603,2,1984
1138,438,1,1989
5322,841,1,1985
3709,203,1,1974
5230,762,1,1981
5222,302,1,1986
1079,1403,1,1980
4960,1028,2,1989
1835,616,1,1967
3972,913,1,1981
4407,534,2,1989
2236,267,2,1987
630,1382,1,1969
4192,1461,1,1986
2849,652,1,1946
1106,437,1,1993
238,800,1,1988
1433,1407,1,1989
3644,667,1,1980
1254,1235,1,1977
2201,448,1,1987
5520,797,2,1990
1997,622,2,1983
1925,1131,1,1974
507,670,1,1960
2334,534,1,1981
4844,1019,2,1989
2017,396,1,1985
2442,736,2,1949
4275,968,1,1980
3911,229,1,1992
5632,569,1,1980
1871,365,1,1986
2309,1223,1,1986
4096,1328,1,1988
4102,854,1,1991
3804,604,1,1985
1255,652,1,1988
3529,620,2,1987
737,505,2,1989
5147,1054,2,1988
3947,501,1,1987
794,519,1,1986
3334,779,1,1980
4223,3569,2,1970
740,115,1,1993
5889,423,1,1969
1294,417,1,1960
445,521,1,1986
2635,767,1,1991
4026,1691,2,1982
5256,1056,2,1972
5227,395,2,1990
5765,1322,1,1982
4842,622,1,1990
5836,1033,2,1988
798,1674,1,1991
4294,1240,1,1991
5725,1717,1,1982
4711,198,1,1993
4408,563,2,1992
4694,782,2,1971
681,1607,1,1984
3158,594,1,1986
2827,445,1,1989
5499,539,1,1991
2220,309,2,1988
3247,548,1,1990
4091,291,1,1976
4795,1043,1,1990
4072,472,2,1989
942,518,1,1987
5454,430,1,1982
5213,298,1,1987
4445,1439,1,1990
570,595,1,1979
4189,723,1,1989
5681,1134,1,1991
4412,376,1,1991
3569,240,1,1961
524,186,1,1988
5464,147,2,1967
3939,1323,1,1988
2105,778,2,1974
1443,662,1,1987
3882,1080,2,1986
2963,351,2,1988
5078,757,1,1984
3421,1247,1,1987
1781,296,1,1974
3953,417,1,1992
1094,288,2,1983
4780,1106,2,1982
1165,723,2,1968
4396,485,2,1990
3790,812,1,1964
1256,631,2,1968
2227,383,1,1973
2290,1278,2,1988
707,1179,1,1987
3242,689,2,1957
3301,831,1,1988
1092,351,1,1970
4303,503,2,1992
3017,301,1,1966
311,737,2,1988
724,1330,1,1990
235,499,2,1984
2428,325,1,1986
403,784,1,1974
4278,395,1,1989
3299,661,1,1991
2498,965,2,1965
530,211,1,1983
4403,1402,1,1982
4475,421,1,1972
4674,457,1,1992
1579,3817,2,1999
4006,484,2,1989
2675,4013,1,1983
1906,345,1,1987
5656,1366,1,1991
3508,769,1,1985
1339,442,1,1990
3215,3827,2,1983
5689,579,1,1980
5819,1552,1,1979
4882,584,1,1990
545,311,1,1987
479,354,2,1974
428,488,2,1977
1543,304,1,1990
4661,659,1,1982
300,711,1,1977
2842,738,1,1968
765,251,2,1978
3084,646,2,1982
5630,768,1,1988
5790,445,2,1991
4896,162,1,1978
5141,618,1,1989
2917,1523,1,1974
2033,623,1,1980
3987,264,1,1988
2004,539,1,1995
1465,663,1,1981
1821,473,1,1992
2789,787,1,1991
5828,976,1,1989
4047,528,1,1987
4536,192,1,1988
1625,391,1,1987
1929,1459,2,1974
1593,460,2,1993
3342,524,2,1994
3816,1269,1,1991
1079,479,1,1980
2911,181,1,1977
3947,179,1,1952
4245,1267,1,1975
1406,368,1,1979
4906,1183,2,1992
4586,1048,1,1986
2743,947,1,1985
3860,1386,2,1991
651,1277,2,1965
219,485,1,1985
5266,1332,1,1986
2889,1402,1,1976
2803,1261,2,1990
3725,1146,1,1985
503,1563,1,1987
2396,406,1,1990
1026,527,1,1984
29,300,2,1985
1053,487,1,1986
5457,467,2,1986
4547,1019,2,1968
195,1613,1,1992
3434,662,1,1986
4750,131,1,1991
4423,491,1,1986
3973,1861,1,1992
737,336,2,1991
2967,620,1,1982
4887,9783,1,1958
3965,280,1,1982
4641,1673,1,1975
3850,1334,2,1961
2094,528,1,1981
5616,543,1,1989
581,656,1,1988
1664,269,1,1988
4223,480,1,1978
3087,791,1,1983
254,1171,2,1987
5866,580,2,1984
4096,415,1,1956
2112,899,1,1985
1261,174,1,1980
3033,848,2,1988
1138,632,1,1989
1222,1536,1,1992
3544,417,1,1991
97,496,1,1979
4479,869,1,1988
4192,620,1,1986
1849,2015,2,1992
1228,488,1,1987
5052,592,1,1983
65,956,1,1986
4637,1040,2,1991
5051,275,2,1994
2306,843,1,1986
4086,706,1,1992
2299,864,1,1982
5594,1052,1,1989
711,343,1,1986
3812,266,2,1993
194,1051,1,1969
3561,462,1,1986
2849,569,1,1965
5633,901,2,1986
3608,313,1,1996
4415,514,1,1983
926,1585,2,1984
5802,1647,1,1986
1376,1535,1,1987
4271,579,1,1972
3736,483,1,1987
4940,1474,1,1992
1749,1612,2,1960
3589,1248,1,1991
3860,85,2,1991
3379,200,1,1982
3897,1377,1,1943
947,733,1,1985
2061,677,1,1965
1692,1885,2,1991
3250,620,1,1981
3299,422,2,1972
4446,1171,1,1980
3465,760,1,1964
5286,570,1,1990
4091,435,1,1979
4122,544,1,1985
5294,2612,1,1978
2563,1384,1,1960
4607,125,1,1985
2503,319,1,1984
4353,326,1,1973
4958,2103,1,1982
4286,229,1,1987
4363,389,1,1981
3184,328,1,1954
5493,1577,1,1971
630,781,1,1969
1752,841,1,1986
4760,355,2,1991
326,529,1,1964
2179,417,1,1983
5279,901,2,1990
4860,1658,1,1985
2990,1434,2,1986
1244,1139,2,1986
1409,730,2,1991
5808,209,1,1961
3625,258,1,1975
3938,361,1,1983
5453,1659,1,1985
4728,412,1,1951
4039,462,2,1977
542,618,1,1988
5018,335,2,1983
3865,810,1,1968
3274,858,1,1991
2960,327,1,1990
4220,1015,1,1988
5688,218,1,1987
2821,640,1,1991
5054,1206,2,1988
4632,329,1,1997
3776,960,2,1992
3652,160,1,1992
642,406,1,1990
4149,980,1,1982
2838,264,1,1993
4152,1234,1,1983
4560,402,2,1988
545,413,1,1982
533,592,1,1967
4140,762,1,1994
5009,758,2,1973
5146,565,1,1983
4156,270,1,1987
1259,399,1,1973
3727,615,1,1967
5356,967,1,1992
5646,448,1,1988
5245,948,1,1987
5002,1202,1,1981
2338,348,1,1965
1994,326,1,1989
1481,571,1,1955
4810,1282,1,1962
5331,1097,1,1977
4273,796,2,1991
1291,881,2,1990
4636,829,1,1981
1182,759,2,1990
4781,338,1,1981
1367,457,2,1986
4824,1039,1,1985
3575,313,1,1984
4588,342,1,1981
4606,404,1,1993
1414,550,1,1984
5716,786,1,1986
2869,457,2,1986
5370,504,1,1985
2612,921,1,1977
4573,1273,2,1961
1364,648,1,1988
5332,1551,1,1983
5882,395,1,1984
3499,504,1,1986
4853,328,1,1984
5598,683,1,1971
2336,703,2,1984
453,2010,1,1972
1507,742,1,1991
489,680,1,1988
428,258,2,1992
515,512,2,1982
5824,1307,2,1963
4020,864,1,1980
5223,1072,1,1976
164,1411,1,1991
3315,188,1,1976
238,472,1,1985
3409,276,1,1988
1312,444,1,1988
3689,363,1,1993
943,1107,2,1990
5141,319,1,1966
1443,321,1,1987
4960,1111,2,1989
454,199,1,1994
949,351,1,1965
2963,458,2,1990
4708,205,1,1994
3921,197,1,1969
4585,1236,1,1991
5633,345,1,1981
1904,697,1,1980
1543,502,1,1984
3990,765,1,1968
2909,749,1,1984
3584,858,2,1985
5873,525,1,1980
5215,311,1,1960
3580,1188,1,1986
5256,975,2,1972
1801,529,1,1958
5686,431,1,1975
5444,919,1,1992
4812,2948,2,1962
3176,830,1,1979
1858,475,1,1983
1600,383,1,1961
3120,965,1,1991
1491,699,1,1989
5038,382,1,1982
4162,779,1,1983
2643,262,1,1982
5307,659,2,1992
1239,1302,1,1993
2428,555,1,1986
4129,1827,1,1987
409,1995,1,1982
4498,720,1,1986
3448,290,1,1984
2704,149,2,1992
4537,206,1,1977
2309,553,1,1988
1943,555,1,1990
1828,808,1,1984
756,196,1,1982
2988,425,2,1986
1105,465,2,1989
5231,327,1,1997
4591,192,1,1991
218,2986,1,1960
4514,811,2,1993
5004,1014,2,1976
68,1264,2,1986
3873,566,1,1990
2283,1444,1,1986
1153,318,1,1959
875,240,1,1978
2320,5657,1,1988
2494,630,1,1981
494,247,1,1992
3919,1337,2,1990
5575,1328,1,1990
748,968,1,1990
4665,344,2,1979
3767,903,1,1984
2272,949,1,1990
4719,287,1,1975
872,314,1,1980
1957,1767,1,1986
249,1025,1,1986
3228,914,1,1988
5062,1109,1,1989
3934,460,2,1988
3624,984,1,1987
5005,383,1,1978
4907,1115,2,1989
1433,1252,1,1989
5823,738,1,1982
5564,1005,1,1991
1997,1140,2,1983
3842,849,2,1973
5708,2013,2,1989
3423,850,1,1962
2442,1148,2,1949
2403,354,2,1991
3293,1543,2,1978
5175,192,1,1972
1674,1178,1,1973
4878,845,1,1989
2857,295,1,1994
5554,702,2,1985
453,245,1,1987
29,719,1,1990
4104,704,1,1982
2499,328,1,1993
4192,640,1,1986
4368,1759,1,1978
1848,1830,2,1972
3109,500,1,1987
3553,466,1,1989
3247,586,1,1988
4890,1185,1,1986
765,569,1,1978
604,222,1,1985
2207,1560,1,1991
1791,687,2,1984
1306,968,1,1977
4209,584,1,1970
4712,506,1,1971
2635,1264,1,1991
2593,367,1,1990
3790,1092,1,1964
5836,1116,2,1988
3998,1564,1,1989
2590,1095,1,1975
1817,881,1,1994
3528,278,1,1990
4258,1348,1,1984
1981,885,1,1969
2104,421,1,1989
1288,321,1,1978
1305,1395,2,1985
5370,300,1,1992
1233,740,1,1986
445,414,2,1990
1379,188,1,1993
2432,702,2,1972
3822,335,1,1981
5322,1416,1,1985
2743,895,1,1985
822,922,1,1994
4553,197,1,1987
4520,884,1,1988
4210,1240,1,1974
1043,111,2,1982
2186,539,2,1986
1071,1337,2,1987
1410,1088,1,1987
4439,1339,2,1985
448,869,1,1987
3953,1178,1,1992
2815,551,2,1984
1093,560,2,1984
4006,774,2,1980
1468,743,1,1983
4573,304,1,1979
2436,313,2,1981
169,408,1,1985
1294,925,2,1987
5642,362,1,1965
3860,344,2,1982
5015,1501,2,1982
3334,1347,1,1980
1333,311,1,1980
4580,382,2,1988
267,884,1,1978
2553,754,1,1970
562,665,1,1980
5123,358,1,1977
5594,791,1,1989
5232,344,1,1991
1065,1307,2,1981
3738,210,1,1988
674,1094,1,1992
3169,1358,2,1991
5499,797,1,1991
2050,1308,2,1989
3558,391,1,1945
4747,1358,1,1993
3882,882,2,1989
3150,1100,2,1987
97,220,1,1993
5340,1004,2,1991
3524,1857,1,1990
2489,715,1,1986
487,886,1,1989
1906,865,1,1967
2299,596,1,1972
3505,1691,1,1963
3409,315,1,1984
4039,591,2,1989
5862,1808,1,1980
5256,290,2,1972
1803,279,1,1981
2802,795,1,1981
3434,185,1,1986
4115,610,1,1974
1633,1721,2,1980
2749,2374,2,1984
855,278,1,1963
5640,1718,2,1963
3804,701,1,1985
5071,646,1,1991
331,413,1,1985
5783,1113,1,1985
5043,935,1,1980
5146,355,1,1975
4519,1277,1,1990
3644,1563,1,1980
5661,971,2,1987
2675,1272,1,1983
1120,548,2,1992
5545,338,1,1975
4603,827,2,1975
2214,1204,2,1993
3490,532,1,1992
3223,844,1,1990
453,310,1,1983
503,660,1,1993
1689,1403,1,1989
4512,426,1,1992
2185,625,1,1962
1309,302,1,1985
5844,845,2,1989
3259,697,1,1987
1554,467,1,1975
3299,866,1,1988
3736,515,1,1980
21,881,2,1985
1922,936,1,1989
581,979,1,1975
5561,1131,1,1986
326,586,1,1989
4303,1143,1,1988
143,855,2,1979
2269,1491,2,1978
5073,1092,1,1974
4187,976,1,1988
3954,1211,1,1984
2774,907,1,1978
5023,135,1,1991
1443,365,1,1983
3595,859,1,1989
906,852,1,1988
2889,1099,1,1976
2989,278,1,1994
398,1037,2,1988
3129,969,2,1957
3258,1078,1,1973
3603,1161,1,1987
1095,1160,1,1949
3331,963,1,1985
2428,307,2,1989
5549,3311,1,1977
648,2024,1,1996
4110,752,2,1987
2583,346,1,1985
5116,888,1,1983
4609,686,2,1983
4250,1227,1,1983
2318,327,1,1991
300,1295,1,1985
4498,524,1,1962
416,1589,1,1980
2106,815,1,1966
153,114,1,1985
1359,1211,1,1973
3964,1513,1,1991
2306,925,1,1986
815,1470,1,1989
3130,1093,2,1989
4954,318,1,1980
4445,418,1,1988
5562,506,1,1991
5068,746,1,1987
4768,462,1,1985
2179,615,1,1976
5154,1111,1,1983
238,582,2,1988
4759,616,1,1972
4208,1585,1,1974
5267,722,1,1989
1020,1317,1,1988
5444,351,2,1990
4711,458,2,1993
5012,1591,2,1979
5866,972,1,1987
5228,1680,1,1993
60,548,1,1989
2753,1677,1,1974
391,158,1,1986
566,300,1,1980
3370,363,1,1987
2490,469,1,1990
3484,429,1,1957
5009,724,1,1949
85,361,1,1987
3965,564,1,1991
5466,260,2,1991
5532,336,2,1987
5259,795,1,1984
4213,426,1,1977
3713,409,2,1983
5078,943,1,1985
4644,530,2,1988
4196,605,1,1997
1606,490,1,1990
1241,260,1,1989
1097,525,1,1990
1817,425,1,1994
5858,527,1,1991
5820,298,1,1969
1234,251,2,1988
1179,164,1,1983
3127,1124,1,1983
5803,534,1,1992
3165,543,2,1977
4641,1239,1,1975
740,512,1,1992
822,438,1,1994
5305,517,1,1984
464,285,1,1987
3751,428,2,1990
3512,190,2,1985
4303,111,1,1988
3790,449,1,1964
623,1751,1,1989
4427,1595,2,1956
4714,1736,1,1984
1094,308,1,1972
737,1254,1,1991
5666,453,1,1983
2937,1753,2,1988
5306,1775,1,1988
3400,238,1,1983
3611,3648,1,1966
4224,740,1,1993
3860,421,2,1987
1372,1311,2,1991
3640,1063,1,1987
3082,1320,1,1991
647,862,2,1992
270,969,1,1982
75,414,2,1981
2650,241,2,1991
2708,1337,1,1975
3990,631,1,1957
215,1026,2,1981
3767,635,2,1957
4924,269,1,1980
3447,533,2,1991
1929,209,1,1982
3593,647,1,1986
5677,1072,2,1984
2815,277,1,1980
3725,654,2,1966
1895,17038,1,1987
1831,1431,2,1985
1393,728,1,1988
4824,930,1,1974
1810,829,1,1989
2053,1689,2,1981
4496,748,1,1978
2002,550,1,1986
3463,932,2,1988
3983,1267,2,1991
5716,213,1,1996
5276,238,2,1989
5708,474,1,1993
4729,203,1,1966
172,1252,1,1983
121,419,1,1985
4275,376,1,1980
2134,830,1,1989
1649,349,1,1987
1539,406,2,1969
931,486,1,1970
5043,389,1,1972
817,1090,1,1992
5884,977,1,1996
5709,3590,2,1999
5807,979,1,1993
2452,3593,2,1975
5878,1565,1,1986
5376,562,1,1989
2099,527,1,1975
2114,824,1,1972
5475,1417,1,1968
267,399,1,1989
5294,420,1,1972
2442,399,1,1989
466,551,1,1985
1173,1461,1,1974
5223,975,1,1976
2017,442,2,1986
1947,1831,1,1992
3733,1034,1,1986
1233,470,1,1987
2749,321,2,1989
3625,552,1,1975
5680,1356,2,1988
5547,1230,1,1993
3589,1361,1,1991
3766,1284,1,1966
2590,384,1,1989
3321,1138,1,1973
4043,596,1,1970
3139,1089,1,1984
4216,1767,1,1970
4056,529,1,1981
292,500,1,1972
4225,347,1,1993
4520,638,2,1987
889,1840,2,1990
330,1377,1,1987
3371,335,1,1970
4121,1131,2,1985
5530,285,2,1958
4958,532,1,1990
4487,180,1,1976
2320,883,1,1992
3790,222,1,1964
5019,235,1,1984
3448,444,1,1984
3943,710,1,1959
872,591,1,1983
2750,1059,1,1991
4548,1008,1,1985
720,1090,2,1949
4152,440,1,1964
5761,309,1,1971
5555,498,2,1986
1487,152,1,1988
740,225,1,1985
435,292,1,1983
4375,413,1,1990
1891,487,1,1989
4590,254,1,1993
3307,508,2,1989
2725,709,1,1979
1407,1480,1,1992
649,263,1,1983
5796,1998,2,1963
5160,776,2,1992
364,1005,1,1986
432,595,1,1973
3492,515,2,1992
127,822,1,1988
186,364,2,1989
3275,502,2,1977
5213,769,1,1972
895,973,1,1981
1905,693,1,1981
5466,381,2,1991
4568,766,2,1988
5554,434,1,1988
3713,372,1,1981
2813,362,1,1992
1109,388,1,1988
5141,965,1,1991
5469,817,2,1978
3646,598,2,1990
5864,2194,1,1985
2429,702,1,1964
2264,527,2,1955
3263,819,1,1988
4239,732,1,1986
765,753,1,1983
5826,991,2,1988
5538,1002,1,1987
1166,533,1,1954
3549,200,2,1975
3954,541,1,1984
326,445,2,1972
1321,1503,2,1989
3551,679,1,1986
1957,641,1,1984
4346,1427,1,1980
5681,737,1,1980
2485,491,1,1987
3822,331,1,1979
5548,348,1,1983
5669,294,1,1997
1244,1208,1,1991
4470,773,1,1982
4566,1332,2,1983
1749,1483,2,1960
1312,437,2,1989
2696,1275,2,1991
1871,794,2,1977
1442,932,2,1959
4760,758,1,1992
4335,373,1,1957
1259,601,2,1990
164,436,1,1985
3335,698,1,1991
2956,843,1,1989
3499,1240,1,1986
4853,307,1,1984
4074,668,1,1991
4886,883,1,1981
5632,877,1,1983
1809,567,1,1993
5700,688,1,1990
611,737,2,1989
1984,1511,1,1984
1869,1329,1,1985
3150,291,1,1987
3169,790,2,1991
4286,717,1,1985
870,1272,1,1988
1975,662,2,1965
4693,1316,1,1971
674,558,1,1989
5011,1092,1,1981
1679,1129,1,1974
3834,512,1,1988
459,546,1,1989
4250,347,1,1963
5247,407,1,1970
5873,545,1,1980
1118,586,1,1990
2309,351,1,1990
4641,482,1,1975
1268,818,1,1982
3431,1624,1,1969
2803,581,2,1990
5254,583,1,1990
2869,583,1,1990
4407,444,2,1986
2790,644,1,1970
3575,1249,1,1984
5857,1128,1,1965
3254,1160,1,1991
123,989,2,1980
1406,1007,1,1986
3155,1232,2,1990
5043,256,1,1980
3224,820,2,1955
4926,916,1,1990
5633,606,1,1994
3657,299,1,1992
3566,808,1,1988
2197,746,1,1991
5,367,2,1987
2660,345,1,1993
2812,1594,1,1963
1738,1903,2,1988
2712,1228,1,1991
798,788,2,1992
259,1411,1,1971
5833,968,1,1989
4091,496,2,1995
43,1559,1,1980
2030,449,2,1991
4791,681,1,1983
3621,919,1,1984
2960,359,1,1987
1084,934,1,1978
2961,1029,1,1982
331,321,2,1993
4359,813,2,1958
5710,1117,1,1981
3858,797,2,1983
3624,587,1,1964
4475,1094,2,1988
1845,787,1,1990
2483,1184,2,1987
5150,519,2,1987
1781,402,1,1982
4415,452,2,1975
5160,192,2,1978
3631,292,2,1992
2449,649,1,1974
3045,934,2,1985
2098,228,1,1990
3586,646,2,1988
5613,1068,1,1986
3362,881,1,1989
570,556,1,1986
4163,1017,1,1992
2236,517,2,1981
3776,600,1,1963
5367,121,1,1983
4347,1317,2,1961
3915,821,1,1982
3919,391,1,1985
4547,792,2,1985
5601,86,1,1984
2743,668,2,1989
5896,648,1,1978
5824,358,1,1989
2521,799,1,1983
1892,829,1,1956
5691,1420,1,1983
2048,393,1,1995
5032,764,1,1989
2412,1060,1,1978
3305,955,1,1987
5487,1210,1,1990
2207,535,1,1953
5454,1091,1,1986
4029,340,1,1980
1674,789,1,1958
2972,1446,1,1967
3033,1510,2,1993
3379,1222,1,1982
5279,512,1,1984
1354,745,1,1980
1664,364,1,1988
3736,882,1,1987
875,274,1,1978
1291,1464,2,1990
3468,533,1,1990
5794,463,1,1986
5821,1089,1,1987
4233,920,1,1991
4580,720,1,1976
1643,651,1,1988
5820,520,1,1993
3671,1462,1,1964
5723,831,1,1982
2967,233,2,1988
5227,496,1,1961
5228,759,1,1993
3342,517,1,1994
3816,1473,1,1980
3240,507,1,1984
4131,436,1,1982
4881,274,2,1978
2949,415,1,1962
876,1076,1,1993
1160,1498,2,1984
5706,552,2,1991
2485,116,1,1980
4344,757,1,1981
3723,2363,1,1991
3097,1356,1,1981
4187,671,2,1992
3323,234,1,1980
1272,307,1,1989
41,527,1,1990
1848,1133,1,1994
5555,137,1,1987
2708,233,1,1978
4280,311,1,1991
3790,450,1,1964
2272,527,1,1951
1529,715,1,1990
2700,711,1,1976
2562,593,1,1982
2595,674,1,1986
4197,422,1,1970
4920,1477,2,1988
3410,372,1,1975
607,632,1,1988
4570,184,1,1985
5054,560,1,1972
4003,465,1,1980
3775,475,1,1980
3479,1221,2,1990
4797,848,1,1987
3865,705,1,1986
4030,1069,2,1989
1601,1191,1,1991
4292,562,1,1989
5722,1576,1,1983
5737,1900,1,1979
2963,1187,2,1990
707,245,1,1981
3730,254,1,1985
769,925,2,1950
949,782,2,1965
4313,216,1,1981
5711,1135,2,1988
4991,3518,1,1988
1882,756,2,1989
312,1410,1,1979
1810,292,1,1982
1026,1149,1,1986
575,242,2,1987
2120,722,2,1962
5788,945,1,1990
4762,1749,2,1981
5082,1370,2,1968
3158,357,1,1984
1508,167,1,1991
2290,950,2,1988
1453,724,1,1995
2762,339,1,1991
1306,642,1,1970
927,329,1,1989
5757,1202,1,1985
4893,202,1,1985
4346,289,1,1980
3100,226,1,1981
2380,1225,2,1990
4921,312,1,1987
877,611,1,1966
1921,423,1,1992
395,533,1,1980
4348,1179,1,1989
1302,314,1,1992
4,271,1,1982
3796,952,2,1991
2650,725,1,1992
5009,624,1,1960
3804,693,1,1979
2465,849,1,1966
3928,831,1,1983
5636,396,1,1981
4445,740,1,1984
300,543,1,1982
4478,535,1,1985
4560,533,2,1988
2809,668,2,1979
5300,544,1,1991
3544,369,1,1987
326,426,1,1988
905,1179,1,1980
659,630,1,1976
3884,263,1,1985
1329,251,1,1960
4129,1616,1,1987
152,1183,1,1992
97,1154,1,1993
1647,702,1,1986
4286,362,1,1981
2473,922,1,1992
2310,829,2,1990
1532,1264,1,1984
5058,366,1,1993
1596,552,2,1970
2105,440,1,1984
5455,951,1,1983
1120,569,1,1991
5461,141,1,1963
3370,800,2,1957
1851,977,1,1982
740,306,2,1988
4821,206,1,1988
4178,576,2,1966
1321,581,1,1963
3380,401,2,1975
4759,435,2,1977
3574,1134,1,1982
3102,445,2,1985
4714,788,1,1985
3246,506,1,1977
4773,429,2,1975
4548,502,1,1981
5824,246,2,1985
838,338,1,1974
4701,761,1,1984
5613,374,1,1992
2218,905,1,1990
3490,929,2,1997
3296,577,1,1997
581,642,1,1975
3230,1180,1,1993
4072,662,1,1989
1828,1538,1,1963
3731,853,1,1982
4334,331,2,1984
5668,314,1,1963
4315,309,2,1966
5263,891,1,1963
5648,230,1,1988
3931,637,1,1986
5294,465,1,1979
2251,7372,2,1975
3247,819,2,1975
5699,781,1,1989
3902,845,1,1989
2546,873,1,1986
893,805,2,1982
4131,294,1,1984
1682,1071,1,1989
3603,423,1,1953
1761,1085,1,1991
4362,1318,1,1984
2787,255,1,1991
615,591,2,1986
878,444,1,1983
872,817,2,1964
5702,699,1,1967
2536,342,1,1985
1696,984,2,1986
9,902,2,1993
4156,717,1,1985
3130,431,1,1986
3790,322,1,1964
3499,504,1,1990
4379,611,1,1987
4591,891,1,1985
3947,469,1,1979
771,1146,2,1989
2683,165,1,1992
3402,815,1,1977
1770,1455,1,1986
3938,313,1,1969
2220,967,1,1966
1038,341,2,1984
3644,1395,1,1980
620,93,1,1978
599,1362,1,1986
4537,581,1,1990
3580,760,2,1968
5038,721,1,1981
3987,435,1,1989
4447,962,2,1986
4258,1596,1,1984
4573,878,1,1968
3964,766,1,1992
4427,939,1,1900
5148,539,1,1974
1239,1799,1,1987
2937,727,2,1977
2334,353,1,1991
3317,143,2,1989
2856,1145,2,1987
60,99,1,1980
3110,392,1,1981
2970,416,1,1989
5873,677,1,1980
3184,579,1,1990
3240,431,1,1970
4029,297,1,1985
881,517,1,1991
711,926,1,1978
3406,608,1,1967
2053,1074,2,1981
4708,903,1,1989
1034,2477,1,1982
4358,745,1,1983
1522,4110,2,1991
1947,766,1,1987
5689,1026,2,1991
5783,1203,1,1977
2845,437,1,1988
3134,702,1,1951
3228,1388,1,1977
3997,705,1,1984
2583,548,1,1965
5575,571,1,1988
1437,730,1,1969
4040,150,2,1969
95,665,1,1991
1085,548,1,1983
4232,469,1,1978
2380,213,1,1991
3327,969,1,1965
2428,763,2,1986
3954,649,1,1992
5708,629,1,1990
1255,481,1,1988
5227,446,1,1987
3399,698,2,1990
3738,573,1,1985
3418,546,2,1985
1393,1129,1,1988
4939,232,1,1974
5790,373,2,1959
3649,429,1,1977
5154,770,1,1992
2126,474,1,1982
2398,436,2,1976
1478,1460,2,1987
5360,730,1,1974
1997,1571,1,1991
3705,1415,1,1977
5727,641,1,1982
538,392,1,1969
5656,1216,1,1976
4299,1004,1,1986
466,863,1,1963
2357,1392,1,1992
4192,159,1,1989
871,279,1,1985
4018,327,2,1982
5475,581,1,1983
4887,225,1,1981
3045,681,1,1986
3246,217,1,1974
2802,1594,1,1981
5807,1127,1,1993
3448,828,1,1983
3187,364,1,1976
270,594,1,1983
5884,1132,1,1996
2675,1577,1,1983
4648,224,1,1991
4851,1692,2,1990
5698,298,1,1977
4038,612,1,1959
2136,1356,1,1960
5661,604,2,1994
73,911,1,1980
681,563,1,1975
1894,1560,2,1975
5501,366,1,1984
1593,187,1,1982
4924,310,1,1980
2216,737,2,1988
5568,3229,1,1988
5622,1048,2,1982
3423,693,1,1979
2113,624,1,1971
3921,1763,2,1986
5287,1194,2,1992
4309,1830,1,1986
3201,158,1,1982
5646,559,2,1971
4448,203,1,1983
1254,1030,1,1986
1138,671,1,1988
5850,338,1,1986
4376,916,1,1962
2082,299,1,1992
1872,1126,1,1970
3556,296,1,1989
1089,708,2,1989
3545,863,1,1988
5322,1090,1,1981
3256,311,2,1988
907,1016,1,1985
1792,1114,1,1983
2131,1178,2,1991
5032,370,1,1989
1922,806,1,1984
2381,1227,1,1992
1987,265,1,1987
5175,438,2,1990
2650,139,1,1992
3928,449,2,1965
1956,1759,2,1986
3299,953,1,1989
2489,1165,1,1968
978,895,1,1986
3834,276,1,1984
2336,657,1,1985
5123,317,2,1990
3488,340,1,1985
4250,457,1,1967
3845,656,1,1959
1098,1147,2,1990
1523,551,2,1993
5696,64,1,1974
4095,290,1,1990
215,223,1,1990
3494,1595,2,1992
4347,684,1,1989
3624,747,1,1972
5812,911,1,1969
4303,1016,1,1986
3913,303,1,1993
5811,1160,1,1991
1928,1066,1,1979
2571,1279,1,1984
4452,1024,1,1982
3469,247,1,1978
1749,358,1,1981
5700,118,1,1970
123,949,2,1980
5356,855,2,1968
3603,335,1,1993
186,726,1,1973
2048,472,2,1993
4217,972,1,1977
1601,477,1,1990
3184,278,1,1988
1560,239,1,1979
2094,941,1,1995
2268,500,1,1955
1457,1541,1,1982
4470,801,1,1985
4881,247,1,1982
5338,218,2,1992
5463,843,1,1964
4199,720,2,1994
1548,354,1,1978
1321,253,1,1990
1206,1126,1,1989
3723,694,1,1991
5682,268,1,1980
2956,1044,1,1990
4595,1456,1,1972
3729,803,2,1957
4612,616,1,1976
4795,1109,1,1982
1175,1453,1,1982
1899,1457,1,1972
4118,1493,1,1987
4871,951,2,1982
967,956,2,1981
4985,1245,1,1985
3953,502,1,1959
3837,1823,1,1978
1491,1251,1,1989
164,417,1,1985
124,269,1,1988
4359,942,2,1958
1341,1388,1,1986
4788,242,1,1989
2098,327,1,1990
4713,483,1,1964
4782,1841,2,1976
1107,289,1,1974
4204,172,2,1992
4666,466,2,1986
5228,617,1,1980
5833,1008,1,1989
3193,417,1,1984
5736,961,1,1987
5141,1196,1,1991
3105,803,2,1978
4129,281,1,1977
4762,625,1,1971
648,569,1,1987
2025,170,1,1988
1869,1118,1,1985
2796,789,2,1981
3165,1563,2,1977
3747,1753,2,1968
5376,683,1,1991
1689,70,1,1995
5702,451,1,1971
3163,837,1,1979
4530,1195,1,1967
794,1747,1,1992
3038,1204,2,1988
30,316,1,1984
3310,931,2,1965
1259,1001,1,1959
5012,242,2,1968
4940,1415,1,1986
1507,1023,1,1987
1647,199,1,1984
3037,1306,1,1983
5266,1456,1,1986
2743,981,2,1989
3421,809,1,1966
763,1085,1,1971
5681,821,2,1985
5532,348,1,1988
4326,395,1,1986
3434,373,1,1976
2070,500,1,1982
4234,264,2,1984
4993,322,1,1977
3528,1044,1,1976
1679,853,1,1957
2963,398,1,1985
4294,242,1,1989
5307,1311,1,1983
4375,1137,1,1977
122,549,1,1977
870,693,1,1972
3192,801,1,1988
5825,257,1,1983
688,812,2,1982
2165,819,1,1992
1882,646,2,1978
2827,574,1,1984
3214,600,1,1990
4487,504,1,1986
3397,643,2,1959
5826,458,1,1992
5636,343,1,1972
2890,1303,1,1986
672,724,1,1988
127,1368,1,1988
3312,484,2,1962
532,428,2,1985
3370,702,2,1957
5720,348,1,1993
4280,442,1,1990
623,456,1,1955
4006,157,1,1975
798,968,2,1958
3561,1060,1,1986
2972,1014,1,1975
5787,302,1,1991
5634,925,1,1989
4905,723,1,1972
876,921,1,1993
3437,818,1,1976
4467,382,2,1970
3146,1504,1,1982
5015,386,1,1997
4732,564,2,1988
5446,786,1,1980
3724,1011,1,1977
292,293,1,1989
1633,350,1,1985
1282,560,1,1992
3648,261,2,1966
2170,418,1,1980
2414,98,1,1982
3304,903,2,1989
4415,1035,1,1989
5860,1033,2,1991
4050,750,2,1989
2592,607,1,1982
4414,1002,2,1992
1992,231,2,1982
216,1016,2,1968
3045,344,1,1981
6,564,1,1983
2016,1623,1,1987
1993,356,1,1971
5071,242,2,1986
2274,484,2,1981
1464,354,1,1976
5154,426,1,1979
1481,590,1,1992
4959,1422,1,1961
321,1466,1,1985
85,276,1,1984
4026,988,2,1993
1891,1037,1,1989
4233,614,1,1970
872,435,2,1987
2673,1473,1,1985
2061,479,1,1987
3176,1245,1,1985
1845,1178,2,1976
2615,342,2,1989
1050,725,1,1990
1411,403,1,1990
5524,539,1,1987
827,422,2,1975
4538,360,1,1989
389,626,1,1974
1834,721,1,1986
2965,232,1,1979
3824,2006,1,1974
2179,421,1,1971
5794,457,1,1985
4607,519,1,1984
1716,933,2,1988
2299,1784,1,1992
2849,454,1,1988
2789,391,2,1980
5562,823,1,1986
5051,725,1,1990
1386,1512,1,1985
1301,636,2,1984
4878,758,1,1989
5570,1334,1,1984
2660,996,2,1990
5599,338,1,1994
946,735,1,1979
411,816,2,1977
5299,737,1,1977
4410,576,1,1996
3115,621,2,1986
3790,739,1,1964
4992,1228,2,1988
3831,949,1,1980
4882,1432,1,1956
5640,1226,2,1987
2303,1423,1,1986
2207,278,1,1985
1964,1385,1,1988
542,611,1,1983
4637,430,1,1986
3804,660,1,1992
5839,1715,2,1987
410,798,2,1994
3169,1307,1,1990
4711,358,2,1993
5335,996,1,1992
302,1021,1,1987
5324,181,1,1976
4580,410,1,1983
4169,944,1,1983
2908,790,1,1989
4537,604,1,1990
4530,206,1,1991
1997,306,1,1981
2562,349,1,1993
2201,917,2,1985
1900,746,2,1989
1382,632,1,1976
2496,529,2,1987
4849,501,1,1984
2886,1162,1,1980
3853,784,1,1965
2245,352,2,1991
2218,327,1,1978
131,383,1,1981
879,1396,1,1979
4970,571,2,1978
1922,392,1,1967
2136,492,1,1986
4982,1069,2,1986
858,425,1,1977
3723,304,1,1966
4568,1385,1,1986
3929,427,1,1987
5581,270,1,1980
3214,181,1,1985
5500,1378,1,1986
1118,997,2,1965
1801,301,1,1978
5356,403,1,1992
3433,591,1,1969
5155,195,1,1960
3956,454,1,1990
1781,1138,2,1990
2740,940,1,1991
4192,167,1,1993
2675,544,2,1990
3694,1445,1,1987
2782,1104,1,1986
2497,589,1,1986
5303,548,1,1986
5688,355,1,1981
3591,1201,1,1973
5788,792,1,1986
4017,599,1,1977
4139,552,1,1975
4488,617,1,1992
238,323,1,1992
3492,726,2,1964
3339,817,1,1983
5711,876,2,1985
2863,1126,2,1986
2837,1199,1,1976
4777,67,1,1986
3566,293,2,1988
4209,1508,1,1970
4126,239,1,1983
694,727,1,1985
4532,797,2,1991
2104,1152,1,1987
3913,434,2,1987
5052,498,2,1976
3465,619,1,1980
1651,1320,2,1956
5633,636,1,1986
5220,365,1,1980
2743,334,2,1980
1339,526,2,1968
3589,444,1,1993
2960,417,1,1983
5509,966,1,1986
2050,692,1,1985
402,331,1,1990
5503,192,1,1986
2637,303,1,1992
3522,200,2,1990
4197,806,1,1976
3676,1232,1,1989
4479,479,1,1969
5555,1306,2,1991
4520,548,1,1982
4910,1782,2,1981
1393,793,1,1969
5270,406,1,1983
1105,1983,1,1992
3885,1059,1,1980
121,309,1,1976
1891,280,1,1969
5541,824,1,1981
5510,1163,1,1982
3293,764,1,1975
696,1229,1,1979
3623,1193,1,1989
4157,1141,1,1995
3954,677,1,1973
3858,1224,1,1980
596,1297,1,1988
4754,245,1,1989
2541,367,2,1971
2473,1061,2,1986
5787,407,1,1995
1325,1119,1,1986
756,240,1,1992
137,220,1,1973
2189,388,1,1967
5279,675,1,1981
5321,1115,1,1975
5501,545,1,1986
1411,254,1,1990
380,1393,2,1951
4955,695,1,1986
4375,413,1,1977
771,610,1,1991
5373,1291,2,1989
2002,580,1,1986
5723,1483,1,1982
3919,1317,1,1985
4701,660,1,1959
4761,280,1,1986
583,722,1,1974
1828,441,1,1976
762,327,1,1982
3997,425,1,1957
5596,880,1,1979
4057,2192,1,1987
4927,787,1,1979
5480,1411,2,1986
5776,557,1,1955
3749,690,1,1977
1961,272,1,1990
3607,1088,1,1987
3254,250,1,1956
2316,564,1,1978
4295,1028,2,1956
426,712,1,1981
3146,271,1,1980
1119,243,2,1984
3576,738,1,1982
4641,297,2,1969
1916,952,2,1982
2174,648,2,1989
637,1377,2,1989
449,1377,1,1989
5681,558,1,1983
2136,122,1,1985
4712,503,1,1962
3226,375,2,1987
304,525,1,1989
5470,1006,2,1984
1259,400,1,1985
3731,1134,1,1988
4620,1616,1,1980
1306,537,1,1964
3505,1343,1,1985
898,1222,1,1989
1649,976,1,1990
347,1365,1,1961
3796,706,1,1972
3120,322,1,1972
2587,515,1,1981
5066,472,1,1990
5646,509,1,1990
216,516,2,1968
643,518,1,1985
3475,455,1,1981
4252,7492,1,1989
978,597,1,1959
2924,225,1,1986
3918,363,1,1975
5722,202,1,1983
3296,981,2,1991
5340,987,1,1960
2004,1830,2,1982
9,1211,2,1993
5813,1552,2,1965
5029,1494,1,1989
4603,223,1,1983
5299,427,2,1988
3163,438,1,1975
3045,522,1,1980
2908,272,1,1975
5222,460,2,1993
2866,631,1,1965
3242,634,2,1972
5757,1451,1,1985
5252,327,1,1978
387,1102,2,1983
1386,457,1,1988
5524,83,1,1960
2311,921,1,1987
1149,604,1,1990
1082,979,2,1987
4890,1994,1,1980
5206,435,1,1984
5371,377,1,1988
5701,216,1,1989
3411,257,1,1991
270,380,1,1982
4351,264,1,1987
2491,904,1,1978
1877,522,2,1991
2856,706,1,1994
4117,443,1,1982
30,657,1,1960
312,795,1,1984
5378,940,1,1995
5535,929,1,1991
2722,187,1,1990
3852,1197,2,1988
4486,1125,1,1968
4381,902,1,1970
4487,508,1,1976
3542,863,1,1982
4217,255,1,1985
5794,323,1,1969
5367,587,1,1982
334,214,1,1999
3672,934,1,1984
4394,835,1,1980
3167,359,1,1945
4140,638,1,1972
3593,494,2,1991
4123,209,1,1984
1791,1015,1,1975
2095,925,1,1969
4220,1022,1,1975
4344,457,1,1987
5634,261,2,1962
725,641,2,1989
122,218,1,1985
5821,1322,1,1987
4103,894,1,1992
3360,774,1,1990
5479,1572,1,1973
4362,1097,1,1984
542,208,1,1968
5635,832,1,1970
307,478,1,1983
2724,790,2,1983
5374,400,1,1989
910,1122,1,1978
479,1010,1,1986
414,1110,2,1966
1737,1083,2,1992
1999,673,2,1990
4387,748,2,1962
2631,695,1,1979
3323,283,1,1995
3434,622,1,1978
4970,356,1,1964
4893,774,2,1971
5213,1039,1,1971
2465,1566,1,1966
4027,256,1,1967
5446,299,2,1983
5341,1315,1,1990
1664,1111,1,1971
4841,440,1,1993
5864,886,1,1989
4851,1002,1,1961
2963,634,1,1982
4903,848,2,1983
2070,498,1,1970
3580,1326,2,1968
2280,1129,1,1990
4969,1393,2,1981
143,224,1,1987
2449,908,1,1954
3015,655,1,1971
4446,653,1,1984
4400,817,2,1973
4512,1592,1,1973
4802,1480,1,1993
2889,190,1,1989
3477,279,1,1989
3919,263,1,1969
4314,1234,2,1986
3333,738,1,1984
2170,349,1,1992
3176,618,1,1983
732,350,2,1988
415,561,2,1989
3973,926,1,1994
1237,938,1,1994
3706,306,2,1977
73,836,1,1963
4172,707,1,1989
5863,786,2,1982
1652,770,1,1983
2742,811,2,1992
4797,1742,2,1980
5693,1165,1,1982
3857,344,1,1981
4278,1280,1,1985
5450,722,1,1991
4241,1033,1,1982
2658,373,1,1977
748,630,1,1989
2638,621,2,1989
3760,502,1,1986
3749,334,1,1956
5605,1143,2,1958
60,371,1,1984
4861,370,1,1964
5357,407,2,1991
3448,1242,1,1987
928,216,1,1993
4,342,1,1988
5540,649,1,1992
5463,372,1,1988
3488,600,1,1987
1382,588,1,1989
2903,945,1,1971
5808,498,1,1990
1302,1030,1,1960
3778,383,1,1990
1592,1321,1,1983
642,971,1,1985
639,843,1,1992
289,360,2,1990
4137,812,1,1985
1628,1271,1,1970
1679,672,1,1988
1152,1337,2,1988
5153,1161,1,1982
5627,524,2,1987
795,1399,1,1979
530,816,1,1985
1994,863,2,1985
4042,419,1,1986
4610,1323,1,1988
1085,1392,1,1983
2949,390,1,1968
3699,353,1,1987
577,319,2,1987
5221,1329,1,1978
4940,949,1,1976
3931,125,1,1983
4927,249,1,1981
3284,1308,1,1957
5578,904,1,1990
3463,673,1,1988
2503,681,1,1985
4452,1173,1,1982
596,292,1,1979
2381,1223,1,1992
2170,79,1,1992
4950,478,1,1986
5697,978,1,1971
3782,2113,2,1968
5571,1462,1,1960
3648,516,1,1990
1682,1430,1,1987
5599,250,2,1988
2136,233,2,1964
5106,469,1,1985
1923,614,2,1987
3115,615,1,1987
5307,497,1,1980
2794,267,1,1971
1043,397,2,1955
336,1751,2,1988
1708,869,1,1984
2811,617,2,1972
659,1029,1,1989
2696,1477,1,1985
756,497,1,1985
3292,799,1,1990
3913,599,1,1986
3362,373,1,1991
1891,507,2,1988
830,360,1,1983
5227,416,1,1981
2209,494,1,1994
2762,660,2,1992
2097,257,1,1990
4921,560,1,1989
5723,514,1,1962
3032,527,1,1989
3910,373,1,1976
2275,1082,2,1992
3765,1453,2,1989
5598,920,1,1991
1964,203,1,1988
672,836,1,1958
1237,159,1,1976
5711,417,1,1972
3299,852,1,1986
5158,648,1,1988
1532,839,1,1984
2968,1257,2,1982
5500,224,1,1982
4777,664,1,1986
3556,335,2,1985
2496,778,2,1987
2485,1100,1,1962
464,336,1,1957
4548,421,1,1977
2972,1030,1,1975
5615,1209,1,1992
5733,213,1,1989
3885,405,1,1992
2541,383,1,1988
3615,539,1,1989
1904,1411,1,1984
5703,790,1,1982
3125,252,2,1985
4985,779,1,1983
674,700,1,1980
3943,544,1,1982
4886,336,2,1963
3886,1097,2,1990
3829,331,1,1965
1523,340,2,1975
5532,425,1,1990
4845,1176,1,1976
2947,436,1,1980
3733,411,2,1989
3822,364,1,1978
4806,1674,2,1989
5642,726,2,1968
2593,1521,1,1990
552,186,1,1988
5155,329,1,1960
4119,386,2,1971
4813,200,1,1989
3942,681,1,1989
598,352,1,1965
100,943,1,1984
763,1191,1,1971
3860,101,2,1972
3653,1286,1,1984
3624,1334,2,1990
5852,1368,1,1990
1784,1068,1,1989
1403,1379,2,1990
1342,265,1,1982
3317,265,1,1990
4215,969,1,1950
2843,574,1,1982
2874,256,1,1990
4573,704,1,1987
2521,327,2,1980
4665,662,1,1979
1831,538,1,1991
5018,732,1,1966
534,346,1,1971
571,825,1,1973
2179,422,1,1983
2296,1586,1,1966
2963,338,1,1983
2216,1439,2,1988
30,278,1,1983
858,696,1,1978
3892,1141,1,1986
4208,1445,1,1962
5803,655,1,1987
3187,1370,1,1976
4450,490,2,1991
365,1394,1,1987
4889,841,1,1985
2524,420,2,1975
5141,1108,1,1986
3361,621,1,1966
4050,882,2,1979
1411,203,1,1990
5761,1268,1,1990
2317,910,1,1964
2041,485,2,1993
1386,220,1,1982
5701,378,1,1982
3748,1073,2,1991
5519,520,1,1962
5620,727,2,1987
3694,868,1,1987
406,557,1,1986
3176,358,1,1983
696,731,2,1961
1331,457,1,1960
4501,324,2,1983
1640,360,1,1968
900,488,1,1984
1905,434,1,1991
5495,1403,1,1980
159,1605,2,1993
1480,1662,2,1990
786,891,1,1974
5143,1109,2,1984
1638,322,1,1969
4257,256,2,1981
4132,810,1,1989
4887,1019,1,1989
5066,469,1,1965
5878,1248,1,1985
3230,861,2,1987
1363,194,1,1980
607,876,1,1953
4151,470,1,1980
3845,1094,1,1980
236,803,1,1982
2960,851,1,1983
4162,283,1,1984
678,484,2,1983
4530,831,2,1990
2638,384,2,1989
2890,1048,1,1987
5012,377,1,1977
5447,1339,2,1991
3276,554,1,1979
4095,618,1,1988
3265,397,1,1985
1557,783,1,1982
2957,1169,1,1990
3893,1492,1,1962
2225,424,1,1993
949,2010,2,1965
4376,208,1,1986
2016,744,1,1993
5668,113,1,1987
5219,712,1,1983
4959,987,2,1986
941,1078,2,1988
5825,1320,1,1983
5069,554,2,1962
5833,1075,2,1964
1834,795,1,1963
882,230,1,1994
4982,1016,2,1986
2162,992,2,1968
2031,790,1,1990
1543,641,1,1983
4117,331,1,1990
4620,619,1,1983
4096,371,2,1986
2809,672,1,1987
4427,363,1,1981
4217,309,1,1972
1804,1400,2,1984
2722,542,1,1976
732,381,1,1982
3532,1270,1,1989
3139,392,1,1984
3242,584,1,1969
5789,174,2,1982
1057,991,1,1966
1478,1705,2,1987
5680,1076,2,1978
2759,477,1,1989
4184,881,2,1990
4326,1396,1,1963
2410,1764,1,1988
5029,705,1,1989
4164,593,1,1990
4105,183,2,1989
876,1220,1,1993
1244,893,1,1978
3672,249,1,1981
4841,459,1,1960
2091,1333,2,1987
2751,1713,2,1972
1593,1208,1,1967
2671,877,2,1989
3447,308,1,1945
4881,546,1,1978
3847,247,1,1990
4890,485,1,1987
1628,360,1,1983
5054,1127,1,1992
1090,392,2,1986
3589,474,1,1986
5870,745,1,1993
5356,1085,1,1992
5031,560,1,1976
1259,706,1,1985
326,440,1,1988
5509,624,1,1975
2782,521,1,1979
2590,1361,2,1990
4091,870,2,1993
4139,1012,1,1986
5575,402,1,1988
4788,369,1,1991
2536,782,1,1985
1754,414,1,1979
1561,992,1,1975
321,757,1,1985
847,219,1,1985
1845,863,1,1982
4328,699,1,1986
3151,1093,1,1985
3918,461,1,1973
1357,712,1,1968
5615,347,1,1988
3652,596,2,1988
3229,1382,2,1968
178,2349,1,1972
619,987,1,1992
5328,1182,1,1982
4204,976,1,1982
3256,1375,2,1990
3646,1040,1,1990
3384,1127,2,1973
4754,854,2,1989
583,649,1,1976
5288,374,1,1986
5109,1255,1,1990
2529,520,1,1989
2138,1211,1,1982
3397,1442,2,1959
2588,183,1,1981
724,602,1,1975
3783,416,1,1977
171,316,2,1976
1190,1257,1,1985
5071,507,2,1993
2302,819,1,1993
3580,690,2,1968
5479,590,1,1969
1704,442,1,1982
569,903,1,1990
5860,292,1,1993
5715,746,1,1992
9,428,1,1987
1757,1055,2,1987
180,577,1,1987
4251,1301,2,1986
1270,557,1,1987
189,1743,2,1985
1458,1177,1,1990
454,214,1,1994
1305,998,1,1967
402,385,1,1986
1849,398,2,1993
2743,227,1,1994
104,640,1,1976
95,977,1,1960
1658,776,2,1985
763,417,1,1971
1525,492,1,1982
501,246,1,1966
639,578,1,1978
3824,1343,1,1974
1716,1054,1,1987
4910,904,1,1961
4965,847,2,1966
3600,723,2,1984
1922,824,1,1991
253,1598,2,1986
2070,297,1,1974
682,674,1,1982
3015,612,1,1970
5570,1019,2,1980
1872,726,1,1973
5501,472,1,1993
3082,1620,1,1981
5300,1069,2,1992
5226,754,2,1991
4271,534,1,1969
5299,630,2,1989
1961,454,2,1988
3544,1459,1,1986
2336,611,1,1965
4135,424,1,1968
131,484,2,1985
4254,723,2,1988
4040,520,1,1991
2503,470,1,1957
3508,983,1,1989
1689,461,1,1969
877,355,2,1990
3526,755,2,1986
3214,243,1,1984
419,1035,1,1982
1682,420,1,1957
4780,209,1,1993
5151,614,2,1984
5682,344,1,1988
795,671,1,1979
3931,596,1,1987
2796,1729,2,1981
5252,974,1,1978
2137,689,1,1986
1217,1587,2,1989
1189,321,1,1985
5803,208,1,1998
3929,1217,1,1965
4469,525,1,1974
399,542,1,1985
844,1643,1,1984
4985,335,1,1989
5314,546,1,1975
4263,408,2,1981
2886,1010,1,1980
3466,639,1,1982
2274,1568,2,1981
5000,910,1,1982
3157,721,1,1988
4982,245,1,1982
1414,469,1,1976
2837,751,1,1955
37,543,1,1977
1899,708,1,1981
4439,678,2,1986
3146,331,1,1950
2728,1433,2,1987
5373,615,1,1985
5175,548,2,1986
2787,1205,1,1984
5286,937,1,1985
5766,858,1,1977
4292,1142,1,1985
4169,1410,1,1983
3095,1294,2,1989
2694,1230,1,1987
4641,304,1,1989
2344,1227,1,1982
1278,498,1,1988
3723,364,1,1961
4287,586,1,1976
4732,367,1,1975
4526,2279,1,1982
3522,1159,2,1985
4164,299,1,1985
1719,1684,2,1976
5540,652,1,1993
2900,762,2,1977
5605,794,2,1958
2093,547,1,1969
1480,379,1,1973
2201,191,2,1974
2620,864,1,1986
5001,69539,1,1965
2328,221,1,1988
5048,210,1,1987
1931,441,1,1990
817,353,1,1992
5227,533,1,1984
5318,1674,2,1989
5323,1411,1,1980
5842,524,1,1982
1895,1669,1,1987
497,872,2,1991
3499,802,2,1986
1470,642,2,1987
2847,743,1,1986
4241,702,1,1985
798,665,1,1989
4751,1116,1,1987
426,849,2,1965
4849,674,2,1982
5895,247,1,1976
1517,1576,1,1957
4313,1093,1,1982
1831,516,2,1987
2507,271,1,1993
5129,352,1,1983
4038,877,1,1968
888,357,1,1960
5220,1220,1,1970
4765,253,2,1989
759,370,1,1990
3295,865,1,1994
4616,782,1,1987
2121,1017,1,1988
3913,762,1,1986
3853,1478,1,1965
2115,491,1,1985
2790,252,1,1987
4057,514,1,1986
4843,517,1,1971
1905,324,1,1973
464,468,1,1982
456,1066,1,1967
5038,699,1,1975
5147,1057,2,1992
4874,1455,2,1988
5281,631,1,1991
5469,775,2,1990
4483,980,1,1964
1041,851,1,1981
3534,407,1,1986
729,643,1,1956
707,690,1,1986
4745,1257,2,1989
57,756,2,1991
4756,1382,1,1979
3776,816,2,1987
3370,511,2,1986
3952,1263,1,1983
3482,1126,1,1981
2750,285,1,1970
157,958,1,1968
4920,240,1,1987
3917,683,1,1981
186,324,1,1965
2963,324,1,1997
5689,568,1,1975
3203,1401,1,1980
4138,505,1,1989
1900,1476,2,1989
4580,382,2,1987
542,821,1,1993
5528,1295,1,1963
5578,487,1,1980
2016,368,1,1975
4359,573,2,1986
